# Accelerometer Values
# filename:  default__5.zip
# Saving start time: Thu Jan 22 16:36:30 SAST 2015

# sensor resolution: 0.0011901855m/s^2
#Sensorvendor: InvenSense, name: LGE Accelerometer Sensor, type: 1,version : 1, range 39.226593

# X value, Y value, Z value, time diff in ms
-0.405 -0.202 9.71 5
-0.044 -0.166 9.659 5
0.141 -0.049 9.844 5
0.036 -0.139 9.375 5
-0.485 -0.135 9.53 5
-0.046 -0.081 9.84 5
0.033 -0.21 9.885 5
0.345 -0.075 9.765 5
-0.882 0.058 9.481 5
0.216 0.0 9.686 5
0.156 -0.07 10.198 5
0.477 -0.092 9.628 6
-0.864 -0.158 9.436 5
0.434 -0.041 9.641 5
-0.288 -0.105 10.018 5
0.853 -0.041 9.748 5
-0.855 -0.227 9.274 5
0.375 -0.075 9.703 5
-0.745 -0.199 9.818 5
0.835 -0.013 9.793 5
0.698 -0.114 9.627 5
-1.047 -0.114 9.697 5
1.113 -0.101 10.072 5
-0.887 -0.216 9.497 5
0.544 0.056 9.681 5
-0.98 -0.031 9.562 5
1.352 -0.068 10.297 5
-0.465 -0.02 9.691 5
0.46 -0.337 9.571 5
-1.202 -0.112 9.364 5
1.201 -0.019 10.16 5
-0.609 -0.106 9.54 5
0.612 -0.204 9.846 5
-1.255 -0.301 9.102 5
1.025 -0.245 10.18 5
-0.833 -0.063 9.525 5
0.666 -0.104 10.019 5
-1.005 -0.004 9.329 5
0.539 -0.196 9.93 5
-0.504 -0.099 9.761 6
0.748 -0.199 9.946 5
-1.236 0.085 9.329 5
0.778 -0.067 9.975 5
-0.397 -0.186 9.648 5
1.23 -0.2 10.288 5
-1.086 -0.036 9.173 5
0.584 -0.213 9.837 5
-0.56 -0.047 9.636 5
1.209 -0.163 10.011 5
-1.019 0.017 9.261 5
0.418 -0.235 9.696 5
-0.716 -0.279 9.48 5
1.09 -0.099 10.088 5
-0.889 0.019 9.296 5
0.615 -0.157 9.83 5
-1.173 0.007 9.442 5
1.092 -0.262 10.225 5
-0.779 -0.075 9.361 5
0.431 0.074 9.861 5
-0.799 -0.039 9.306 5
1.188 -0.194 10.153 5
-0.663 -0.117 9.439 5
0.553 -0.2 9.798 5
-0.945 -0.083 9.237 5
0.757 -0.176 10.292 5
-0.173 0.041 9.342 6
0.453 -0.206 9.918 5
-0.824 -0.112 9.258 5
0.288 -0.241 9.866 5
-0.171 -0.004 9.46 5
0.445 -0.092 10.004 5
-0.605 -0.047 9.132 5
0.025 -0.07 9.721 5
0.402 -0.273 9.824 5
-0.582 0.087 9.315 5
0.095 -0.064 9.908 5
0.385 -0.16 9.665 5
0.197 -0.145 9.793 5
-0.359 -0.138 9.237 5
-0.056 -0.106 9.904 5
-0.135 0.082 9.694 5
0.287 -0.195 9.816 5
-0.028 -0.041 9.431 5
-0.341 -0.062 9.639 5
-0.059 -0.098 9.654 5
0.182 -0.045 9.848 5
0.243 -0.124 9.466 5
-0.457 -0.176 9.46 5
-0.234 -0.039 9.642 5
0.146 -0.204 9.941 5
0.215 -0.149 9.609 5
-0.363 -0.075 9.598 5
0.088 0.061 9.635 5
0.249 0.004 10.082 6
0.265 -0.155 9.509 5
-0.655 -0.164 9.55 5
0.429 -0.113 9.671 5
-0.346 -0.094 9.9 5
0.626 -0.158 9.821 5
-0.574 -0.242 9.362 5
0.294 0.0 9.572 5
-0.582 -0.245 9.943 5
0.704 0.005 9.781 5
-0.525 -0.012 9.731 5
0.362 -0.091 9.387 5
-1.022 -0.151 9.842 5
1.048 -0.126 10.054 5
-0.707 -0.217 9.466 5
0.443 -0.011 9.798 5
-1.042 -0.174 9.472 5
1.373 0.024 10.187 5
-0.576 -0.106 9.681 5
0.339 -0.314 9.392 5
-0.93 -0.112 9.587 5
1.183 -0.077 10.046 5
-0.644 -0.208 9.656 5
0.609 -0.123 9.721 5
-1.179 -0.154 9.196 5
0.975 -0.181 10.098 5
-0.826 -0.111 9.515 5
0.76 -0.136 10.104 6
-1.013 0.005 9.118 4
0.519 -0.189 9.886 6
-0.526 -0.125 9.96 5
-1.058 0.037 9.418 5
0.758 -0.188 9.828 5
-0.44 -0.101 9.766 5
1.04 -0.044 10.129 5
-1.106 -0.158 9.266 5
0.752 -0.223 10.068 5
-0.572 0.05 9.672 5
1.089 -0.1 10.096 5
-1.079 -0.089 9.296 5
0.491 -0.231 9.685 5
-0.868 -0.245 9.443 5
1.163 -0.079 9.991 5
-1.092 -0.081 9.358 5
0.604 -0.127 9.783 5
-1.03 -0.104 9.503 5
1.081 -0.321 10.297 5
-0.867 -0.069 9.39 5
0.587 -0.079 9.89 5
-0.83 -0.082 9.41 5
1.145 -0.13 10.318 5
-0.817 -0.114 9.324 5
0.637 -0.175 9.946 5
-0.858 -0.075 9.375 5
0.859 -0.162 10.181 5
-0.366 0.032 9.45 5
0.445 -0.177 9.81 5
-0.919 -0.058 9.215 6
0.507 -0.301 10.012 5
-0.262 -0.011 9.358 5
0.341 -0.158 9.906 5
-0.788 -0.031 9.108 5
0.187 -0.223 9.953 5
-0.26 -0.076 9.584 5
0.521 -0.3 9.936 5
-0.591 0.158 9.433 5
0.315 -0.156 9.956 5
0.0 -0.008 9.66 5
0.322 -0.088 9.911 5
-0.319 -0.208 9.203 5
0.127 -0.107 9.902 5
-0.394 0.007 9.474 5
0.529 -0.231 9.956 5
-0.128 -0.013 9.312 5
-0.186 -0.135 9.679 5
-0.215 -0.13 9.798 5
0.266 -0.001 9.774 5
-0.077 -0.129 9.47 5
-0.25 -0.141 9.604 5
-0.193 -0.063 9.609 5
0.256 -0.161 9.956 5
-0.084 -0.16 9.378 5
-0.271 -0.048 9.856 5
0.235 -0.061 10.163 5
0.111 -0.125 9.525 5
-0.249 -0.238 9.498 6
0.197 -0.092 9.658 5
-0.313 0.014 9.88 5
0.606 -0.127 9.692 5
-0.455 -0.202 9.408 5
0.133 -0.006 9.448 5
-0.517 -0.27 9.91 5
0.481 -0.039 9.559 5
-0.448 -0.113 9.812 5
0.314 -0.072 9.318 5
-0.819 -0.087 9.849 5
0.867 -0.112 10.019 5
-0.632 -0.27 9.541 5
0.37 0.016 9.654 5
-0.75 -0.16 9.527 5
1.115 -0.025 10.249 5
-0.465 -0.138 9.587 5
0.35 -0.206 9.541 5
-0.88 -0.198 9.611 5
1.102 -0.122 10.032 5
-0.535 -0.026 9.709 5
0.526 -0.261 9.543 5
-0.986 -0.218 9.196 5
0.908 -0.204 10.023 5
-0.744 -0.02 9.655 5
0.748 -0.045 9.877 5
-0.919 -0.01 9.43 5
0.524 -0.176 9.812 5
-0.586 0.008 9.858 6
0.881 -0.125 9.84 5
-0.998 -0.049 9.486 5
0.858 -0.201 9.769 5
-0.737 -0.111 9.742 5
1.147 -0.061 10.159 5
-1.157 -0.223 9.229 5
0.645 -0.208 9.853 5
-0.531 -0.072 9.769 5
1.139 -0.162 10.059 5
-1.261 -0.073 9.353 5
0.539 -0.213 9.593 5
-0.748 -0.26 9.515 5
1.211 0.07 10.059 5
-0.949 -0.042 9.278 5
0.722 -0.142 9.898 5
-0.858 -0.082 9.554 5
1.066 -0.212 10.235 5
-0.949 -0.013 9.414 5
0.553 -0.018 9.816 5
-0.748 -0.149 9.377 5
0.971 -0.155 10.151 5
0.688 -0.23 9.768 5
-0.977 -0.192 9.404 5
0.92 -0.251 10.134 5
-0.449 0.042 9.418 5
0.602 -0.216 9.917 5
-1.151 -0.094 9.192 5
0.581 -0.321 10.099 5
-0.435 0.052 9.364 6
0.694 -0.076 10.04 5
-0.988 -0.08 9.196 5
0.418 -0.116 10.049 5
-0.385 -0.081 9.408 5
0.641 -0.254 9.936 5
-0.808 0.145 9.279 5
0.532 -0.132 10.078 5
-0.453 -0.085 9.502 5
0.565 -0.089 10.03 5
-0.581 -0.186 9.23 5
0.183 -0.16 10.029 5
-0.424 -0.086 9.449 5
0.645 -0.2 9.856 5
-0.523 -0.063 9.345 5
0.036 -0.193 9.837 5
-0.334 -0.169 9.617 5
0.28 -0.087 9.716 5
0.057 -0.119 9.335 5
-0.141 -0.112 9.78 5
-0.574 0.004 9.514 5
0.341 -0.198 9.921 5
-0.098 -0.183 9.334 5
-0.303 -0.031 9.81 5
0.033 0.086 9.471 5
0.136 -0.152 10.193 5
-0.044 0.033 9.587 5
-0.207 -0.231 9.528 5
0.176 -0.073 9.699 6
-0.04 -0.093 10.005 5
0.299 0.017 9.585 5
-0.335 -0.237 9.552 5
0.028 0.013 9.6 5
-0.225 -0.25 9.863 5
0.19 0.041 9.641 5
-0.115 -0.155 9.722 5
0.096 -0.042 9.347 5
-0.628 -0.07 9.936 5
0.647 -0.161 9.771 5
-0.332 -0.158 9.694 5
0.165 -0.017 9.491 5
-0.7 -0.186 9.589 5
0.989 0.033 10.153 5
-0.43 -0.142 9.742 5
0.156 -0.229 9.355 5
1.02 -0.063 10.062 5
-0.63 -0.07 9.644 5
0.434 -0.166 9.637 5
-0.763 -0.2 9.449 5
0.909 -0.224 10.019 5
-0.764 -0.083 9.614 5
0.841 0.031 9.804 5
-1.056 -0.073 9.27 5
0.568 -0.148 9.944 5
-0.654 -0.087 9.794 5
0.81 -0.202 9.852 5
-1.226 -0.083 9.381 6
0.773 -0.138 9.858 5
-0.466 -0.106 9.84 5
0.989 0.054 10.123 5
-1.152 -0.269 9.21 5
0.634 -0.168 9.956 5
-0.42 -0.093 9.847 5
1.039 -0.025 9.941 5
-1.157 -0.15 9.391 5
0.524 -0.305 9.7 5
-0.744 -0.298 9.547 5
1.056 -0.086 10.049 5
-0.993 -0.091 9.277 5
0.618 -0.147 9.737 5
-1.013 -0.173 9.593 5
1.082 -0.231 10.138 5
-0.923 -0.007 9.465 5
0.553 -0.052 9.809 5
-0.986 -0.119 9.364 5
1.152 -0.101 10.138 5
-0.737 -0.052 9.41 5
0.75 -0.216 9.847 5
-1.138 -0.171 9.398 5
1.221 -0.104 10.322 5
-0.649 -0.025 9.406 5
0.54 -0.105 9.956 5
-1.075 -0.064 9.339 5
0.875 -0.367 9.935 5
-0.855 -0.02 9.39 6
0.877 0.013 9.992 5
-1.249 -0.166 9.139 5
0.568 -0.116 10.093 5
-0.461 -0.208 9.461 5
0.757 -0.177 10.056 5
-1.13 0.179 9.243 5
0.475 -0.2 9.985 5
-0.404 -0.068 9.64 5
0.621 -0.117 10.013 5
-0.574 -0.143 9.155 5
0.294 -0.098 10.069 5
-0.479 -0.043 9.449 5
-0.518 0.0 9.47 5
0.015 -0.218 9.819 5
-0.428 -0.149 9.443 5
0.602 -0.144 9.997 5
-0.265 -0.005 9.386 5
-0.124 -0.069 9.614 5
-0.51 -0.068 9.578 5
0.476 -0.205 9.918 5
-0.301 -0.082 9.372 5
-0.163 -0.056 9.772 5
-0.168 0.02 9.585 5
0.452 -0.162 10.211 5
-0.248 0.016 9.43 5
0.103 -0.225 9.742 5
-0.118 -0.044 9.572 5
0.203 -0.15 10.05 5
0.161 -0.217 9.386 6
-0.185 -0.129 9.64 5
-0.194 -0.107 9.549 5
-0.059 -0.368 9.911 5
-0.005 0.027 9.634 5
0.082 -0.11 9.846 5
-0.212 -0.062 9.364 5
-0.443 -0.048 9.942 5
0.613 -0.124 9.758 5
-0.174 -0.123 9.744 5
-0.16 -0.022 9.406 5
-0.351 -0.069 9.763 5
0.857 0.004 10.109 5
-0.326 -0.099 9.716 5
0.221 -0.202 9.318 5
-0.495 -0.145 9.729 5
0.75 -0.141 9.921 5
-0.376 -0.141 9.7 5
0.347 -0.167 9.559 5
-0.811 -0.194 9.367 5
0.759 -0.108 10.078 5
-0.535 -0.031 9.686 5
0.509 0.001 9.723 5
-0.824 -0.133 9.395 5
0.502 0.011 9.869 6
-0.428 -0.167 9.854 5
0.616 -0.2 9.852 5
-0.995 -0.001 9.383 5
0.682 -0.106 9.761 5
-0.404 -0.076 9.887 5
1.001 -0.037 9.969 5
-1.173 -0.288 9.246 5
0.558 -0.173 9.777 5
-0.306 -0.08 9.929 5
1.01 -0.116 9.962 5
-1.283 -0.086 9.406 5
-0.58 -0.223 9.815 5
0.777 0.007 9.903 5
-1.049 -0.031 9.354 5
0.64 -0.193 9.747 5
-0.985 -0.155 9.666 5
1.178 -0.179 10.046 5
-0.883 -0.064 9.547 5
0.593 -0.026 9.699 5
-0.925 -0.072 9.45 5
1.225 -0.213 10.242 5
-0.85 -0.018 9.485 5
0.923 -0.135 9.848 5
-1.198 -0.293 9.317 5
1.33 -0.154 10.26 5
-0.679 -0.111 9.333 5
0.474 -0.173 9.821 5
-1.216 -0.199 9.248 6
0.981 -0.327 10.172 5
-0.73 -0.044 9.418 5
0.723 -0.122 10.034 5
-1.135 -0.125 9.123 5
0.827 -0.082 10.222 5
-0.641 -0.136 9.391 5
0.966 -0.236 10.168 5
-0.943 0.085 9.356 5
0.659 -0.12 9.896 5
-0.576 -0.067 9.64 5
0.773 -0.187 10.01 5
-0.749 -0.111 9.265 5
0.4 -0.188 9.944 5
-0.272 -0.177 9.612 5
0.876 -0.237 9.899 5
-0.893 0.011 9.242 5
0.365 -0.314 9.817 5
-0.428 -0.179 9.471 5
0.637 -0.187 9.95 5
-0.612 0.045 9.296 5
0.152 -0.135 9.586 5
-0.543 -0.001 9.583 5
0.725 -0.31 9.917 5
-0.616 -0.119 9.421 5
0.044 -0.032 9.759 5
-0.481 -0.056 9.461 5
0.524 -0.191 10.279 5
-0.331 -0.032 9.392 6
0.225 -0.195 9.863 5
-0.33 -0.081 9.492 5
0.353 -0.167 10.103 5
0.065 -0.174 9.372 5
0.001 -0.095 9.656 5
-0.338 -0.055 9.329 5
0.045 -0.281 10.029 5
0.108 -0.073 9.912 5
-0.188 -0.032 9.162 5
-0.326 -0.085 9.99 5
0.495 -0.138 9.81 5
-0.042 -0.205 9.733 5
-0.296 0.007 9.301 5
-0.337 -0.094 9.823 5
0.691 0.044 10.061 5
-0.099 -0.176 9.689 5
-0.018 -0.107 9.258 5
-0.406 -0.182 9.825 5
0.541 -0.043 10.013 5
-0.203 -0.168 9.725 5
0.351 -0.061 9.473 5
-0.625 -0.27 9.456 5
0.452 -0.195 9.905 5
-0.378 -0.081 9.762 5
0.469 0.049 9.549 5
-0.732 -0.1 9.495 5
0.076 -0.03 9.784 5
-0.236 -0.081 10.025 5
0.647 -0.161 9.742 6
-1.082 0.02 9.215 5
0.552 -0.143 9.95 5
-0.298 -0.098 10.03 5
0.954 -0.007 9.931 5
-1.137 -0.271 9.271 5
0.737 -0.2 9.803 5
-0.332 -0.052 9.947 5
0.922 -0.118 9.915 5
-1.131 -0.123 9.348 5
0.62 -0.238 9.643 5
-0.567 -0.16 9.777 5
0.857 -0.067 9.946 5
-0.919 -0.074 9.336 5
0.678 -0.031 9.758 5
-1.042 -0.123 9.641 5
1.122 -0.156 10.176 5
-0.728 -0.002 9.66 5
0.483 -0.011 9.674 5
-1.056 -0.08 9.528 5
1.09 -0.133 10.212 5
-0.685 -0.087 9.514 5
0.693 -0.216 9.716 5
-1.238 -0.236 9.399 5
1.329 -0.097 10.203 5
-0.534 -0.12 9.515 5
0.557 -0.122 9.858 5
-1.292 -0.132 9.216 6
0.789 -0.381 9.935 5
-0.682 -0.042 9.605 5
-1.267 -0.045 9.197 5
0.723 -0.138 10.147 5
-0.522 -0.141 9.511 5
0.854 -0.231 10.21 5
-1.237 0.111 9.166 5
0.785 -0.252 10.006 5
-0.657 -0.062 9.658 5
0.897 -0.251 10.031 5
-0.906 -0.086 9.286 5
0.564 -0.232 9.823 5
-0.709 -0.169 9.555 5
1.182 -0.188 9.925 5
-0.956 0.008 9.439 5
0.322 -0.323 9.755 5
-0.767 -0.147 9.417 5
0.772 -0.229 10.049 5
-0.582 0.046 9.368 5
0.139 -0.039 9.712 5
-0.585 -0.095 9.573 5
0.842 -0.263 10.173 5
-0.675 -0.151 9.415 5
0.222 -0.057 9.917 5
-0.422 -0.064 9.531 5
0.546 -0.12 10.196 5
-0.343 0.05 9.456 5
0.256 -0.246 9.779 5
-0.478 -0.049 9.474 6
0.364 -0.094 10.069 5
0.069 -0.227 9.372 5
0.124 -0.122 9.722 5
-0.631 -0.058 9.26 5
0.037 -0.417 10.08 5
-0.121 0.002 9.592 5
0.332 -0.21 9.802 5
-0.601 0.106 9.346 5
-0.259 -0.081 9.894 5
0.345 -0.052 9.785 5
0.196 -0.167 9.89 5
-0.441 0.01 9.303 5
-0.102 -0.145 9.886 5
0.281 0.081 9.85 5
0.006 -0.194 9.838 5
-0.1 -0.085 9.189 5
-0.376 -0.204 9.767 5
0.28 -0.03 9.881 5
0.072 -0.148 9.781 5
0.05 -0.113 9.481 5
-0.545 -0.133 9.47 5
0.308 -0.177 9.849 5
-0.386 -0.127 9.829 5
0.375 -0.013 9.503 5
-0.762 -0.088 9.46 5
-0.197 -0.156 10.102 5
0.602 -0.113 9.596 6
-0.91 0.022 9.425 5
0.347 -0.158 9.7 5
-0.319 0.017 9.894 5
1.025 0.007 9.894 5
-1.042 -0.337 9.262 5
0.319 -0.023 9.737 5
-0.271 -0.144 9.848 5
0.966 -0.06 9.86 5
-1.041 -0.064 9.518 5
0.515 -0.268 9.421 5
-0.676 -0.244 9.957 5
0.64 -0.033 10.034 5
-0.813 -0.108 9.309 5
0.509 0.026 9.756 5
-1.023 -0.123 9.518 5
1.226 -0.063 10.243 5
-0.697 -0.158 9.549 5
0.446 -0.074 9.731 5
-0.866 -0.01 9.45 5
1.076 -0.055 10.154 5
-0.553 -0.077 9.712 5
0.585 -0.217 9.437 5
-1.171 -0.273 9.377 5
1.198 -0.208 10.159 5
-0.405 -0.139 9.412 5
0.384 -0.062 9.898 5
-1.342 -0.227 9.183 6
0.912 -0.324 9.955 5
-0.735 0.007 9.73 5
0.737 -0.092 9.879 5
-1.352 -0.023 9.161 5
0.906 -0.061 10.032 5
-0.603 -0.2 9.652 5
1.108 -0.164 10.232 5
-1.138 0.056 9.242 5
0.726 -0.229 9.858 5
-0.693 -0.077 9.662 5
1.022 -0.221 10.087 5
-0.912 -0.135 9.18 5
0.494 -0.173 9.802 5
-0.697 -0.274 9.491 5
1.081 -0.212 9.955 5
-1.183 0.039 9.277 5
0.565 -0.211 9.74 5
-0.833 -0.283 9.542 5
0.842 -0.204 10.196 5
-0.623 0.023 9.41 5
0.121 0.0 9.818 5
-0.693 0.069 9.537 5
-0.45 -0.136 9.462 5
0.281 0.031 9.738 5
-0.68 -0.062 9.172 5
0.825 -0.148 10.349 5
-0.312 -0.073 9.297 5
0.419 -0.312 9.842 5
-0.584 -0.049 9.36 6
0.364 -0.31 9.99 5
-0.103 -0.17 9.485 5
0.075 -0.076 9.687 5
-0.511 -0.191 9.239 5
0.149 -0.348 9.95 5
-0.322 -0.043 9.506 5
0.445 -0.229 9.966 5
-0.706 0.262 9.171 5
0.015 -0.044 10.185 5
0.222 -0.085 9.714 5
0.421 -0.123 9.886 5
-0.562 -0.1 9.206 5
0.057 -0.051 9.771 5
0.209 -0.024 10.013 5
0.256 -0.25 9.79 5
-0.24 -0.133 9.166 5
-0.253 -0.176 9.831 5
0.109 0.006 9.715 5
0.008 -0.088 9.873 5
0.002 -0.143 9.433 5
-0.207 -0.13 9.637 5
0.057 -0.206 9.652 5
-0.268 -0.067 9.936 5
0.504 0.002 9.431 5
-0.62 -0.012 9.425 5
-0.049 0.113 9.772 5
0.077 -0.2 10.19 5
0.622 -0.129 9.783 6
-1.047 -0.044 9.495 5
0.513 -0.031 9.736 5
-0.29 -0.086 10.046 5
0.747 -0.082 9.662 5
-0.741 -0.273 9.32 5
0.382 -0.05 9.716 5
-0.415 -0.108 9.831 5
0.668 0.011 9.733 5
-0.629 -0.119 9.677 5
0.396 -0.221 9.48 5
-0.686 -0.079 9.704 5
0.762 -0.11 10.012 5
-0.781 -0.181 9.408 5
0.477 -0.011 9.611 5
-0.898 -0.116 9.636 5
1.167 -0.187 10.225 5
-0.492 -0.18 9.674 5
-0.845 -0.169 9.593 5
1.075 -0.088 9.974 5
-0.53 -0.111 9.593 5
0.647 -0.202 9.58 5
-1.291 -0.161 9.345 5
1.167 -0.167 10.118 5
-0.61 -0.076 9.471 5
0.706 -0.037 10.06 5
-1.216 -0.175 9.16 5
0.909 -0.296 9.929 6
-0.741 0.007 9.74 5
0.759 -0.154 9.879 5
-1.294 -0.067 9.173 5
0.814 -0.126 10.05 5
-0.638 -0.287 9.624 5
1.019 -0.091 10.149 5
-1.302 0.005 9.197 5
0.958 -0.246 9.969 5
-0.722 -0.063 9.687 5
1.035 -0.11 10.197 5
-0.917 -0.07 9.343 5
0.497 -0.26 9.735 5
-0.876 -0.207 9.567 5
1.161 -0.131 10.031 5
-0.905 -0.101 9.412 5
0.502 -0.188 9.735 5
-1.007 -0.236 9.396 5
1.097 -0.157 10.306 5
-0.724 0.025 9.42 5
0.19 -0.129 9.746 5
-0.789 0.008 9.423 5
1.219 -0.182 10.191 5
-0.724 -0.116 9.445 5
0.161 0.013 9.794 5
-0.511 -0.139 9.424 5
0.813 -0.105 10.257 5
-0.57 0.037 9.417 5
0.578 -0.293 9.924 5
-0.773 -0.005 9.222 5
0.462 -0.331 10.029 6
-0.347 -0.005 9.384 5
0.496 -0.03 9.877 5
-0.66 -0.168 9.339 5
0.143 -0.149 9.986 5
-0.445 -0.041 9.554 5
0.59 -0.223 9.868 5
-0.847 0.173 9.252 5
0.199 -0.104 10.092 5
0.006 -0.074 9.631 5
0.447 -0.163 9.959 5
-0.645 -0.022 9.215 5
0.272 -0.177 9.915 5
0.333 -0.219 9.824 5
-0.198 -0.166 9.303 5
-0.097 -0.129 9.883 5
-0.042 -0.06 9.718 5
0.378 -0.191 9.778 5
-0.134 -0.018 9.421 5
-0.141 -0.174 9.561 5
-0.211 -0.124 9.492 5
-0.068 -0.157 10.016 5
0.214 -0.098 9.405 5
-0.403 -0.057 9.581 5
-0.177 0.146 9.735 5
0.157 -0.167 9.999 5
0.359 -0.088 9.546 5
-0.631 -0.069 9.767 5
0.255 -0.083 9.561 6
-0.072 0.014 10.002 5
0.621 -0.088 9.616 5
-0.594 -0.273 9.506 5
0.228 -0.057 9.575 5
-0.26 -0.169 9.834 5
0.646 -0.081 9.685 5
-0.672 -0.07 9.58 5
0.081 -0.206 9.405 5
-0.592 -0.179 9.842 5
0.59 -0.097 9.916 5
-0.668 -0.105 9.593 5
0.347 0.071 9.579 5
-0.882 -0.175 9.69 5
0.885 -0.085 10.118 5
-0.465 -0.224 9.662 5
0.271 0.013 9.54 5
-0.594 -0.048 9.697 5
0.846 0.013 10.059 5
-0.454 -0.135 9.628 5
0.534 -0.249 9.589 5
-1.036 -0.235 9.392 5
0.976 -0.136 10.079 5
-0.492 -0.138 9.577 5
0.626 -0.038 9.896 5
-1.223 -0.301 9.261 5
0.766 -0.288 9.844 5
-0.522 0.079 9.948 5
0.556 -0.182 9.744 6
-1.232 0.002 9.154 5
0.85 -0.129 10.151 5
-0.664 -0.174 9.622 5
0.976 -0.1 10.284 5
-1.18 -0.085 9.292 5
0.917 -0.162 9.805 5
-0.816 -0.056 9.714 5
1.291 -0.208 10.16 5
0.483 -0.256 9.668 5
-0.848 -0.189 9.565 5
1.313 -0.068 10.125 5
-0.936 -0.061 9.403 5
0.537 -0.216 9.752 5
-1.041 -0.324 9.358 5
1.205 -0.145 10.256 5
-0.9 -0.048 9.386 5
0.445 -0.073 9.775 5
-0.801 -0.112 9.524 5
1.165 -0.12 10.109 5
-0.763 -0.106 9.424 5
0.457 -0.013 9.923 5
-0.734 -0.169 9.359 5
1.046 -0.023 10.309 5
-0.641 -0.01 9.434 5
0.547 -0.36 9.897 5
-1.001 0.012 9.252 5
0.552 -0.312 10.092 6
-0.365 -0.074 9.405 5
0.465 -0.075 9.871 5
-0.794 -0.2 9.336 5
0.374 -0.25 9.837 5
-0.607 -0.018 9.404 5
0.695 -0.179 10.107 5
-0.976 0.152 9.265 5
0.447 -0.139 10.104 5
-0.177 -0.077 9.593 5
0.687 -0.239 9.903 5
-0.806 -0.049 9.279 5
0.237 -0.126 9.813 5
-0.292 -0.066 9.599 5
0.7 -0.201 10.184 5
-0.668 -0.133 9.239 5
0.074 -0.179 9.903 5
-0.118 0.007 9.656 5
0.519 -0.168 9.88 5
-0.323 -0.016 9.324 5
0.103 -0.05 9.759 5
-0.263 -0.242 9.548 5
0.028 -0.073 9.927 5
0.038 -0.158 9.371 5
-0.122 0.035 9.773 5
-0.31 -0.069 9.561 5
0.184 -0.269 9.984 5
0.184 -0.16 9.555 5
-0.435 -0.105 9.709 5
-0.006 -0.023 9.408 6
-0.148 0.004 9.993 5
0.508 -0.227 9.766 5
-0.4 -0.273 9.515 5
-0.103 -0.073 9.606 5
0.514 0.08 9.778 5
-0.426 -0.11 9.655 5
-0.022 -0.102 9.347 5
-0.25 -0.256 9.973 5
0.264 -0.058 9.661 5
-0.526 -0.133 9.641 5
0.384 0.013 9.516 5
-0.47 -0.147 9.786 5
0.638 -0.075 10.044 5
-0.418 -0.194 9.634 5
0.277 -0.043 9.622 5
-0.553 -0.177 9.706 5
0.629 -0.062 10.023 5
-0.172 -0.144 9.811 5
0.432 -0.312 9.447 5
-1.048 -0.206 9.544 5
0.808 -0.179 9.81 5
-0.472 0.01 9.749 5
0.579 -0.018 9.727 5
-1.048 -0.263 9.431 5
0.851 -0.176 9.934 5
-0.664 0.117 9.842 5
0.637 -0.141 9.779 5
-1.108 0.016 9.272 5
0.826 -0.174 9.896 5
-0.712 -0.102 9.784 6
0.989 -0.017 10.111 5
-1.281 -0.132 9.16 5
0.978 -0.163 9.929 5
-0.759 -0.097 9.862 5
1.207 -0.183 10.065 5
-1.086 -0.152 9.297 5
0.648 -0.238 9.736 5
-0.869 -0.154 9.698 5
1.156 -0.045 10.085 5
-0.954 -0.037 9.302 5
0.607 -0.246 9.744 5
-1.106 -0.274 9.552 5
1.027 -0.05 10.247 5
-0.958 -0.029 9.44 5
0.502 -0.123 9.74 5
-0.773 -0.068 9.617 5
1.036 -0.188 10.08 5
-0.698 -0.014 9.539 5
0.382 -0.183 9.805 5
-0.897 -0.16 9.192 5
1.209 -0.124 10.324 5
-0.723 -0.016 9.368 5
0.623 -0.294 9.975 5
-0.97 -0.056 9.314 5
0.898 -0.367 10.141 6
0.713 -0.087 9.856 5
-0.851 -0.207 9.355 5
0.54 -0.219 9.913 5
-0.67 -0.074 9.375 5
0.814 -0.138 10.056 5
-1.13 0.162 9.258 5
0.499 -0.136 9.959 5
-0.256 -0.037 9.542 5
0.746 -0.23 10.086 5
-0.967 -0.099 9.087 5
0.37 -0.183 9.886 5
-0.132 -0.108 9.687 5
0.796 -0.137 9.94 5
-0.842 -0.198 9.277 5
0.183 -0.237 9.783 5
-0.167 -0.143 9.522 5
0.535 -0.205 9.838 5
-0.362 0.03 9.35 5
0.208 -0.135 9.803 5
-0.39 -0.188 9.593 5
0.097 -0.074 9.898 5
-0.055 -0.158 9.412 5
-0.137 0.026 9.813 5
-0.342 0.06 9.489 5
0.253 -0.267 10.03 5
-0.009 0.017 9.505 6
-0.309 -0.155 9.687 5
-0.165 -0.012 9.518 5
0.136 -0.044 10.061 5
0.389 -0.085 9.51 5
-0.382 -0.279 9.627 5
-0.168 -0.054 9.577 5
0.099 -0.28 9.9 5
0.205 0.06 9.47 5
-0.196 -0.113 9.881 5
-0.052 -0.099 9.297 5
-0.242 -0.232 9.969 5
0.144 -0.142 9.658 5
-0.197 -0.195 9.629 5
0.146 0.004 9.585 5
-0.431 -0.166 9.752 5
0.577 -0.123 9.909 5
-0.355 -0.116 9.768 5
0.187 -0.033 9.439 5
-0.431 -0.154 9.83 5
0.614 0.038 9.932 5
-0.221 -0.13 9.758 5
0.395 -0.286 9.298 5
-0.969 -0.219 9.459 5
0.796 -0.15 9.886 5
-0.387 -0.038 9.661 5
0.55 0.018 9.711 6
0.826 -0.135 9.968 4
-0.485 -0.069 9.854 6
0.55 -0.206 9.65 5
-1.26 -0.008 9.35 5
0.828 -0.099 9.944 5
-0.599 -0.125 9.893 5
0.834 -0.044 10.059 5
-1.035 -0.213 9.297 5
0.957 -0.102 9.948 5
-0.576 -0.049 9.924 5
1.0 -0.048 10.096 5
-1.043 -0.21 9.285 5
0.475 -0.205 9.76 5
-0.684 -0.191 9.646 5
1.07 -0.052 9.924 5
-0.862 -0.014 9.484 5
0.582 -0.254 9.59 5
-1.008 -0.304 9.606 5
1.21 -0.067 10.268 5
-0.794 -0.106 9.365 5
0.27 -0.156 9.774 5
-0.868 -0.085 9.474 5
1.291 -0.256 10.115 5
-0.845 0.0 9.603 5
0.431 -0.186 9.758 5
-0.903 -0.099 9.446 5
1.227 0.006 10.325 5
-0.73 -0.032 9.392 5
0.821 -0.256 9.868 5
-1.008 -0.086 9.322 6
0.884 -0.326 10.019 5
-0.735 0.06 9.459 5
0.817 -0.029 9.986 5
-1.095 -0.171 9.23 5
0.54 -0.162 10.069 5
-0.663 -0.124 9.511 5
1.02 -0.177 9.973 5
-1.376 0.041 9.141 5
0.643 -0.194 10.066 5
-0.319 -0.12 9.521 5
0.784 -0.187 9.997 5
-1.03 -0.08 9.164 5
0.521 -0.177 9.968 5
-0.3 -0.095 9.629 5
0.863 -0.137 10.061 5
-0.679 -0.221 9.366 5
0.21 -0.106 9.786 5
-0.436 -0.171 9.606 5
0.575 -0.176 9.988 5
-0.422 0.116 9.252 5
0.146 -0.241 9.679 5
0.418 -0.225 9.93 5
-0.222 -0.223 9.331 5
-0.009 0.038 9.791 5
-0.359 0.017 9.629 5
0.506 -0.266 10.049 5
-0.224 0.07 9.473 5
0.106 -0.161 9.793 5
-0.298 0.083 9.408 6
0.263 -0.181 10.135 5
0.196 -0.085 9.466 5
-0.024 -0.185 9.716 5
-0.395 -0.122 9.429 5
0.166 -0.23 9.941 5
0.199 -0.043 9.58 5
-0.141 -0.117 9.694 5
-0.261 -0.049 9.283 5
0.026 -0.156 10.038 5
0.002 -0.063 9.558 5
-0.165 -0.088 9.804 5
-0.131 -0.038 9.367 5
-0.276 -0.073 9.922 5
0.572 -0.122 9.888 5
-0.355 -0.101 9.694 5
0.245 0.006 9.475 5
-0.456 -0.255 9.691 5
0.47 0.016 9.905 5
-0.056 -0.156 9.694 5
0.422 -0.226 9.39 5
-0.774 -0.168 9.486 5
0.748 -0.194 9.947 5
-0.315 -0.023 9.771 5
0.446 0.063 9.662 5
-0.964 -0.296 9.292 5
0.549 0.054 9.972 5
-0.448 -0.074 9.904 6
0.484 -0.049 9.683 5
-1.032 0.005 9.37 5
0.685 -0.058 9.856 5
-0.326 -0.066 9.908 5
0.666 -0.014 9.836 5
-0.986 -0.255 9.342 5
0.809 -0.118 9.815 5
-0.578 -0.112 9.934 5
0.964 -0.051 9.86 5
-0.824 -0.141 9.427 5
0.429 -0.311 9.656 5
-0.735 -0.216 9.841 5
0.938 -0.072 10.012 5
-0.958 0.091 9.475 5
0.565 -0.238 9.574 5
-0.906 -0.158 9.778 5
1.166 -0.041 10.241 5
0.413 -0.089 9.743 5
-0.853 -0.037 9.602 5
1.221 -0.181 10.098 5
-0.816 0.024 9.625 5
0.641 -0.174 9.694 5
-1.008 -0.294 9.365 5
1.397 -0.052 10.278 5
-0.734 -0.081 9.398 5
0.641 -0.126 9.785 5
-1.06 -0.213 9.287 5
0.897 -0.364 10.062 5
-0.923 -0.011 9.356 6
0.737 -0.027 9.902 5
-1.051 -0.124 9.179 5
0.638 -0.035 10.096 5
-0.634 -0.108 9.497 5
0.834 -0.038 10.154 5
-1.187 0.074 9.314 5
0.709 -0.182 10.112 5
-0.436 -0.118 9.485 5
0.772 -0.181 10.092 5
-0.835 -0.07 9.336 5
0.435 -0.313 9.894 5
-0.229 -0.142 9.784 5
1.019 -0.201 9.968 5
-0.968 -0.023 9.234 5
0.34 -0.181 9.966 5
-0.356 -0.244 9.583 5
0.556 -0.241 9.885 5
-0.737 0.113 9.305 5
0.504 -0.195 9.697 5
-0.674 -0.045 9.586 5
0.484 -0.176 9.902 5
-0.363 -0.151 9.508 5
0.152 0.061 9.865 5
-0.567 -0.093 9.509 5
0.679 -0.199 10.09 5
-0.146 0.023 9.493 6
0.163 -0.163 9.84 5
-0.507 0.0 9.409 5
0.671 -0.094 10.23 5
-0.004 -0.117 9.372 5
-0.148 -0.123 9.627 5
-0.426 -0.152 9.342 5
0.299 -0.254 10.14 5
-0.134 0.029 9.489 5
-0.018 0.037 9.847 5
-0.191 -0.105 9.274 5
-0.225 -0.205 10.025 5
0.12 -0.095 9.534 5
0.007 -0.185 9.819 5
-0.205 -0.035 9.963 5
0.409 -0.061 10.022 5
-0.09 -0.186 9.734 5
0.03 -0.022 9.412 5
-0.285 -0.212 9.836 5
0.471 0.093 9.91 5
-0.044 -0.185 9.584 5
0.089 -0.091 9.347 5
-0.63 -0.286 9.631 5
0.421 -0.177 9.706 5
-0.209 -0.093 9.803 5
0.226 -0.025 9.51 5
-0.744 -0.16 9.398 5
0.268 0.004 9.993 5
-0.229 -0.166 9.981 6
0.528 -0.173 9.664 5
-1.041 0.006 9.283 5
0.525 -0.104 9.775 5
-0.21 -0.082 10.129 5
0.572 -0.055 9.653 5
-0.977 -0.162 9.241 5
0.768 -0.168 9.881 5
-0.579 -0.018 9.887 5
0.91 -0.104 9.796 5
-0.897 -0.119 9.461 5
0.546 -0.237 9.616 5
-0.848 -0.104 9.752 5
0.896 -0.082 9.9 5
-0.811 0.026 9.466 5
0.484 -0.137 9.547 5
-1.167 -0.152 9.769 5
1.316 -0.018 10.237 5
-0.912 -0.151 9.531 5
0.321 0.025 9.712 5
-0.907 -0.087 9.54 5
1.2 -0.098 10.329 5
-0.717 -0.039 9.523 5
0.499 -0.123 9.738 5
-0.872 -0.206 9.375 5
1.185 -0.036 10.311 5
-0.65 -0.208 9.439 5
0.737 -0.131 9.894 5
-1.07 -0.129 9.233 5
0.718 -0.311 9.965 6
-0.763 0.031 9.605 5
0.801 -0.163 9.927 5
-1.235 -0.097 9.271 5
0.527 -0.211 10.075 5
-0.382 -0.193 9.818 5
0.85 -0.127 10.102 5
-1.355 0.111 9.168 5
0.894 -0.164 10.104 5
1.048 -0.131 10.175 5
-1.225 0.03 9.186 5
0.651 -0.268 9.962 5
-0.296 -0.095 9.629 5
1.109 -0.18 10.011 5
-0.991 -0.055 9.424 5
0.38 -0.151 9.722 5
-0.649 -0.308 9.55 5
0.852 -0.166 10.142 5
-0.766 -0.024 9.328 5
0.378 -0.093 9.812 5
-0.879 0.001 9.484 5
0.856 -0.299 10.088 5
-0.449 -0.117 9.481 5
0.083 0.112 9.771 5
-0.493 -0.072 9.602 5
0.735 -0.248 10.144 5
-0.334 -0.032 9.439 5
0.363 -0.267 9.883 5
-0.581 -0.048 9.335 5
0.464 -0.214 10.093 6
0.096 -0.137 9.467 5
0.094 -0.123 9.686 5
-0.567 -0.102 9.268 5
0.168 -0.188 9.956 5
-0.062 0.03 9.705 5
0.175 -0.202 9.768 5
-0.63 0.071 9.135 5
0.0 -0.169 10.18 5
0.052 -0.032 9.536 5
0.031 -0.135 9.804 5
-0.382 0.081 9.342 5
0.115 -0.13 9.966 5
0.165 -0.139 9.875 5
-0.18 -0.105 9.654 5
0.091 -0.08 9.277 5
-0.129 -0.25 9.794 5
0.106 -0.004 9.679 5
0.159 -0.25 9.803 5
-0.136 -0.112 9.227 5
-0.524 -0.218 9.667 5
0.143 -0.267 9.802 5
-0.072 -0.056 10.006 5
0.324 -0.105 9.45 5
-0.787 -0.008 9.449 5
0.352 0.095 10.006 5
-0.061 -0.117 9.998 5
0.363 -0.116 9.609 6
-0.83 0.016 9.474 5
0.559 -0.058 9.649 5
-0.249 -0.025 10.082 5
-0.798 -0.271 9.322 5
0.607 -0.138 9.684 5
-0.589 -0.177 9.935 5
0.833 -0.004 9.817 5
-0.855 -0.132 9.428 5
0.487 -0.201 9.656 5
-0.755 -0.217 9.662 5
0.747 -0.006 10.104 5
-0.713 -0.042 9.475 5
0.268 -0.144 9.559 5
-0.858 -0.113 9.836 5
1.186 0.027 10.132 5
-0.636 -0.319 9.586 5
0.39 -0.01 9.683 5
-0.845 -0.026 9.447 5
1.072 -0.07 10.081 5
-0.65 -0.066 9.656 5
0.637 -0.304 9.662 5
-0.903 -0.138 9.396 5
1.188 -0.161 10.142 5
-0.744 -0.126 9.483 5
0.623 -0.111 9.831 5
-1.091 -0.227 9.295 5
0.912 -0.307 10.042 5
-0.769 -0.037 9.628 5
0.913 -0.132 9.818 5
-1.199 0.035 9.276 6
0.61 -0.161 9.94 5
-0.57 -0.183 9.604 5
1.036 -0.198 10.125 5
-1.142 -0.049 9.226 5
0.871 -0.161 9.957 5
-0.629 -0.148 9.635 5
1.15 -0.126 10.254 5
-1.148 -0.193 9.277 5
0.457 -0.263 9.853 5
-0.423 -0.066 9.659 5
1.106 -0.137 9.972 5
-1.125 0.007 9.418 5
0.591 -0.207 9.863 5
-0.693 -0.338 9.51 5
0.735 -0.055 10.123 5
-0.878 -0.007 9.278 5
0.408 -0.102 9.709 5
-0.797 -0.06 9.528 5
0.95 -0.286 10.06 5
-0.42 -0.11 9.537 5
0.343 0.075 9.76 5
-0.786 -0.104 9.258 5
0.809 -0.108 10.187 5
-0.428 0.006 9.458 5
0.497 -0.288 9.809 5
0.684 -0.242 10.151 5
-0.128 -0.023 9.367 5
0.168 -0.127 9.823 5
-0.657 -0.176 9.439 6
0.387 -0.271 10.006 5
-0.45 0.036 9.512 5
0.325 -0.123 9.909 5
-0.629 0.152 9.186 5
0.222 -0.067 10.185 5
-0.136 -0.044 9.559 5
0.458 -0.287 9.96 5
-0.556 0.031 9.222 5
0.113 -0.026 9.812 5
0.015 -0.077 9.862 5
0.241 -0.091 9.838 5
-0.013 -0.229 9.36 5
-0.132 -0.111 9.819 5
-0.011 0.029 9.809 5
0.152 -0.226 9.721 5
-0.187 -0.012 9.333 5
-0.168 -0.167 9.73 5
-0.091 -0.152 9.556 5
-0.148 0.011 9.952 5
0.231 -0.118 9.456 5
-0.499 -0.089 9.486 5
0.068 0.0 9.872 5
0.212 -0.217 10.034 5
0.343 -0.144 9.584 5
-0.873 -0.064 9.421 5
0.271 0.001 9.671 5
-0.029 -0.068 10.225 6
0.377 -0.079 9.634 5
-0.468 -0.225 9.496 5
0.403 -0.104 9.798 5
-0.442 -0.186 9.804 5
0.77 -0.043 9.78 5
-0.563 -0.148 9.533 5
0.222 -0.154 9.605 5
-0.623 -0.256 9.702 5
0.474 -0.017 9.812 5
-0.467 -0.119 9.63 5
0.226 -0.105 9.412 5
-0.951 -0.035 9.842 5
1.101 -0.149 10.099 5
-0.611 -0.28 9.577 5
0.174 0.001 9.603 5
-0.759 -0.072 9.577 5
1.288 -0.022 10.146 5
-0.695 -0.087 9.624 5
0.504 -0.282 9.593 5
-0.938 -0.17 9.427 5
-0.754 -0.076 9.594 5
0.772 0.0 9.942 5
-0.961 -0.198 9.346 5
0.803 -0.239 9.962 5
-0.805 -0.08 9.717 5
0.91 -0.164 9.752 5
-1.182 -0.061 9.167 6
0.535 -0.144 9.869 5
-0.468 -0.113 9.658 5
1.009 -0.173 10.117 5
-1.41 -0.019 9.324 5
0.832 -0.155 9.912 5
-0.494 -0.125 9.778 5
1.066 -0.129 10.178 5
-1.164 -0.124 9.262 5
0.537 -0.295 9.74 5
-0.537 -0.018 9.675 5
1.119 -0.138 9.89 5
-1.033 0.007 9.454 5
0.713 -0.301 9.788 5
-0.805 -0.273 9.408 5
0.888 -0.07 10.166 5
-0.891 -0.013 9.303 5
0.553 -0.117 9.683 5
-0.953 -0.058 9.592 5
1.139 -0.352 10.147 5
-0.653 -0.144 9.403 5
0.251 0.088 9.891 5
-0.751 -0.17 9.472 5
0.983 -0.027 10.217 5
-0.504 -0.058 9.433 5
0.634 -0.25 10.012 5
-0.983 -0.043 9.222 5
0.828 -0.248 10.116 5
-0.141 -0.047 9.33 5
0.484 -0.194 9.952 5
-0.844 -0.17 9.211 6
0.347 -0.291 9.81 5
-0.485 -0.043 9.622 5
0.522 -0.081 9.886 5
-0.782 0.006 9.165 5
0.257 -0.014 10.093 5
-0.197 -0.056 9.486 5
0.635 -0.263 9.998 5
-0.636 0.029 9.368 5
0.439 -0.161 10.005 5
-0.194 -0.05 9.709 5
0.251 -0.2 9.952 5
-0.285 -0.155 9.242 5
0.119 -0.2 9.932 5
-0.337 0.016 9.615 5
-0.212 0.027 9.393 5
-0.168 -0.251 9.749 5
-0.296 -0.181 9.477 5
0.083 -0.041 9.946 5
-0.006 -0.132 9.44 5
-0.394 -0.019 9.471 5
-0.077 0.105 9.869 5
0.382 -0.168 10.044 5
0.101 -0.097 9.517 5
-0.492 -0.048 9.689 5
0.297 -0.092 9.527 5
-0.019 0.019 10.046 5
0.275 -0.107 9.549 6
-0.329 -0.252 9.46 5
0.294 -0.105 9.639 5
-0.438 -0.132 9.872 5
0.629 -0.07 9.705 5
-0.406 -0.187 9.643 5
0.19 -0.083 9.505 5
-0.614 -0.28 9.816 5
0.426 -0.106 9.756 5
-0.376 -0.082 9.66 5
0.23 -0.042 9.284 5
-0.869 -0.056 9.874 5
1.048 -0.127 9.955 5
-0.357 -0.245 9.589 5
0.245 0.07 9.633 5
-0.672 -0.098 9.479 5
1.021 0.085 10.081 5
-0.519 -0.07 9.777 5
0.382 -0.304 9.336 5
-0.655 -0.164 9.48 5
0.948 -0.124 9.988 5
-0.718 -0.144 9.455 5
0.734 -0.112 9.885 5
-1.016 -0.191 9.345 6
0.817 -0.217 10.054 5
-0.636 -0.007 9.809 5
0.693 -0.058 9.86 5
-1.125 0.048 9.255 5
0.67 -0.171 10.017 5
-0.584 -0.055 9.811 5
0.939 -0.114 10.063 5
-1.238 -0.097 9.37 5
0.863 -0.031 9.975 5
-0.707 -0.044 9.733 5
1.21 -0.087 10.192 5
-1.074 -0.245 9.264 5
0.62 -0.286 9.692 5
-0.681 -0.039 9.708 5
1.154 -0.13 10.022 5
0.782 -0.236 9.848 5
-0.883 -0.306 9.534 5
0.989 -0.072 10.232 5
-1.035 -0.086 9.359 5
0.621 -0.006 9.884 5
-0.935 -0.098 9.527 5
1.165 -0.305 10.219 5
-0.701 -0.062 9.515 5
0.503 -0.029 9.885 5
-0.754 -0.111 9.455 5
0.838 -0.004 10.166 5
-0.603 -0.166 9.485 5
0.75 -0.226 9.888 5
-1.058 -0.119 9.181 6
0.678 -0.254 10.24 5
-0.371 0.074 9.355 5
0.415 -0.186 9.853 5
-0.835 -0.226 9.383 5
0.477 -0.241 9.887 5
-0.588 0.044 9.478 5
0.55 -0.163 9.949 5
-0.869 0.111 9.32 5
0.502 -0.085 10.144 5
-0.332 -0.089 9.547 5
0.685 -0.283 10.021 5
-0.804 0.148 9.201 5
0.345 -0.108 9.948 5
-0.424 -0.068 9.577 5
0.591 -0.226 10.035 5
-0.394 -0.179 9.264 5
-0.009 -0.072 9.798 5
-0.469 -0.082 9.517 5
0.654 -0.219 9.778 5
-0.466 -0.007 9.312 5
0.141 -0.325 9.861 5
-0.293 -0.2 9.577 5
0.21 -0.022 9.952 5
-0.2 -0.199 9.293 5
-0.136 -0.019 9.762 5
-0.063 0.008 9.694 5
0.29 -0.191 9.965 5
0.019 -0.036 9.409 6
-0.28 -0.126 9.721 5
-0.018 0.05 9.564 5
0.016 -0.088 10.126 5
0.282 -0.171 9.546 5
-0.137 -0.23 9.639 5
-0.004 -0.068 9.571 5
-0.381 -0.042 9.988 5
0.495 -0.013 9.671 5
-0.359 -0.136 9.596 5
0.15 -0.106 9.493 5
0.288 -0.004 9.667 5
-0.228 -0.127 9.709 5
0.161 -0.004 9.535 5
-0.589 -0.077 9.738 5
0.781 -0.1 9.979 5
-0.254 -0.201 9.766 5
0.037 0.022 9.527 5
-0.491 -0.119 9.708 5
0.877 0.011 10.128 5
-0.355 -0.216 9.743 5
0.187 -0.285 9.352 5
-0.629 -0.058 9.54 5
0.821 -0.138 10.06 5
-0.606 -0.024 9.649 5
0.416 -0.136 9.698 5
-0.822 -0.202 9.368 5
0.751 -0.137 9.984 5
-0.737 -0.027 9.783 5
0.815 -0.1 9.774 5
-0.904 -0.013 9.362 6
0.616 -0.138 9.799 5
-0.586 -0.144 9.912 5
0.975 -0.111 9.997 5
-1.362 -0.055 9.268 5
0.863 -0.131 9.953 5
-0.703 -0.106 9.799 5
1.345 -0.07 10.168 5
-1.335 -0.237 9.318 5
0.615 -0.244 9.834 5
-0.559 -0.111 9.865 5
0.989 -0.045 9.887 5
-1.122 -0.072 9.327 5
0.75 -0.237 9.791 5
-0.76 -0.242 9.59 5
0.897 0.039 10.109 5
-0.985 -0.114 9.34 5
0.606 -0.03 9.818 5
-0.935 -0.143 9.478 5
1.057 -0.232 10.09 5
-0.638 -0.067 9.491 5
0.394 -0.074 9.709 5
-0.791 -0.088 9.531 5
1.027 -0.136 10.149 5
-0.484 -0.098 9.515 5
0.687 -0.276 9.877 5
-1.154 -0.116 9.327 6
0.925 -0.282 10.14 5
-0.486 0.086 9.337 5
0.651 -0.148 9.81 5
-1.038 -0.138 9.255 5
0.735 -0.286 9.956 5
-0.703 -0.033 9.562 5
-1.048 0.082 9.195 5
0.677 -0.083 10.099 5
-0.591 -0.119 9.483 5
0.789 -0.179 10.054 5
-1.107 0.088 9.142 5
0.675 -0.235 10.05 5
-0.454 -0.125 9.643 5
0.754 -0.093 9.911 5
-0.679 -0.135 9.209 5
0.224 -0.083 9.867 5
-0.44 -0.152 9.612 5
0.75 -0.176 9.734 5
-0.47 0.035 9.4 5
0.234 -0.277 9.829 5
-0.498 -0.141 9.278 5
0.375 -0.057 9.988 5
-0.328 -0.085 9.277 5
-0.032 -0.018 9.922 5
-0.21 0.004 9.574 5
0.34 -0.139 10.037 5
-0.05 -0.083 9.603 6
-0.243 -0.101 9.543 5
-0.137 0.117 9.568 5
0.291 -0.144 10.111 5
0.03 -0.154 9.511 5
-0.171 -0.233 9.725 5
-0.025 -0.067 9.452 5
-0.013 -0.2 10.047 5
0.196 -0.031 9.478 5
-0.06 -0.05 9.824 5
-0.01 -0.089 9.399 5
-0.179 -0.254 9.978 5
0.164 -0.029 9.715 5
-0.054 -0.147 9.727 5
-0.275 -0.004 9.422 5
-0.334 0.007 9.91 5
0.645 -0.083 9.93 5
-0.334 -0.125 9.902 5
-0.175 -0.031 9.38 5
-0.292 -0.188 9.849 5
0.656 0.057 9.974 5
-0.16 -0.043 9.784 5
0.027 -0.254 9.333 5
-0.536 -0.139 9.609 5
0.635 -0.18 9.993 5
-0.424 -0.016 9.55 5
0.54 -0.106 9.611 5
-0.835 -0.235 9.461 5
0.587 -0.069 9.854 5
-0.662 -0.145 9.823 6
0.708 -0.086 9.655 5
-0.958 -0.06 9.475 5
-0.444 -0.05 9.912 5
0.844 -0.091 9.822 5
-1.188 -0.073 9.362 5
0.923 -0.077 9.921 5
-0.392 -0.023 9.954 5
1.215 -0.045 9.932 5
-1.302 -0.296 9.217 5
0.754 -0.157 9.753 5
-0.574 -0.212 9.744 5
0.884 -0.054 9.803 5
-0.974 -0.031 9.443 5
0.557 -0.306 9.489 5
-0.906 -0.264 9.7 5
0.952 0.007 10.24 5
-0.881 -0.13 9.236 5
0.593 -0.006 9.875 5
-0.973 -0.157 9.581 5
1.064 -0.256 10.134 5
-0.757 0.012 9.567 5
0.335 -0.138 9.675 5
-0.812 -0.104 9.541 5
1.138 -0.012 10.211 5
-0.669 -0.082 9.544 5
0.669 -0.256 9.779 5
-1.047 -0.123 9.378 5
1.131 -0.291 10.071 6
-0.77 0.071 9.353 5
0.912 -0.067 9.899 5
-1.286 -0.104 9.316 5
0.775 -0.254 9.929 5
-0.666 -0.057 9.537 5
0.782 -0.157 10.022 5
-1.349 0.012 9.249 5
0.739 -0.037 10.146 5
-0.648 -0.112 9.508 5
0.912 -0.137 10.056 5
-1.079 0.071 9.274 5
0.704 -0.17 10.074 5
-0.655 -0.073 9.598 5
0.971 -0.16 9.969 5
-0.686 -0.176 9.366 5
0.3 -0.149 10.011 5
-0.587 -0.241 9.496 5
0.776 -0.157 9.86 5
-0.504 0.051 9.362 5
0.319 -0.295 9.803 5
-0.655 -0.101 9.405 5
0.602 -0.238 9.984 5
-0.451 -0.06 9.41 5
0.011 0.0 9.756 5
-0.449 -0.025 9.585 5
-0.374 -0.03 9.509 5
0.078 -0.094 9.733 6
-0.254 0.064 9.395 5
0.594 -0.221 10.123 5
-0.152 -0.07 9.409 5
0.165 -0.295 9.766 5
-0.373 -0.043 9.434 5
0.183 -0.211 10.01 5
-0.024 -0.037 9.384 5
0.169 0.022 9.846 5
-0.322 -0.087 9.39 5
-0.094 -0.33 9.847 5
-0.132 -0.045 9.615 5
0.281 -0.114 9.811 5
-0.45 0.082 9.31 5
-0.13 -0.037 10.115 5
0.457 -0.23 9.721 5
0.007 -0.099 9.824 5
-0.131 -0.094 9.34 5
-0.223 -0.107 9.83 5
0.569 0.063 10.007 5
-0.152 -0.098 9.741 5
0.044 -0.189 9.337 5
-0.416 -0.145 9.78 5
0.391 -0.088 9.783 5
-0.276 -0.02 9.817 5
0.322 -0.045 9.449 5
-0.662 -0.221 9.568 5
0.552 -0.069 10.0 5
-0.579 -0.118 9.74 6
0.479 0.025 9.609 5
-0.732 -0.085 9.443 5
0.416 -0.026 9.952 5
-0.332 -0.116 9.824 5
0.581 -0.05 9.799 5
-0.863 -0.079 9.567 5
0.602 -0.154 9.717 5
-0.369 -0.124 10.124 5
1.054 -0.05 9.874 5
-0.992 -0.299 9.381 5
0.465 -0.175 9.755 5
-0.451 -0.164 9.736 5
0.878 -0.051 9.872 5
-0.913 0.014 9.435 5
0.485 -0.285 9.66 5
-0.65 -0.137 9.927 5
0.822 0.013 9.986 5
-0.908 -0.097 9.471 5
0.668 0.031 9.709 5
-0.899 -0.087 9.61 5
1.086 -0.264 10.092 5
-0.844 -0.06 9.486 5
-1.012 -0.168 9.55 5
1.164 -0.067 10.191 5
-0.656 -0.102 9.52 5
0.515 -0.171 9.794 5
-1.329 -0.207 9.272 5
1.211 -0.194 10.2 5
-0.728 -0.12 9.414 6
0.587 -0.036 9.94 5
-1.268 -0.219 9.272 5
0.942 -0.223 10.018 5
-0.517 -0.061 9.703 5
0.814 -0.069 9.946 5
-1.313 0.029 9.255 5
0.754 -0.057 10.162 5
-0.607 -0.148 9.505 5
0.916 -0.058 10.238 5
-1.045 0.126 9.255 5
0.789 -0.236 10.013 5
-0.553 -0.118 9.716 5
1.004 -0.211 9.992 5
-0.905 -0.052 9.366 5
0.358 -0.187 9.81 5
-0.649 -0.252 9.536 5
0.99 -0.107 10.002 5
-0.811 0.079 9.273 5
0.838 -0.271 10.021 15
-0.647 -0.011 9.383 5
0.219 -0.077 9.828 5
-0.588 -0.006 9.661 5
0.894 -0.293 10.068 5
-0.623 -0.031 9.5 5
0.252 -0.07 9.829 5
-0.542 -0.12 9.323 5
0.7 -0.138 10.225 6
-0.213 -0.014 9.34 5
0.215 -0.274 9.742 5
-0.541 -0.081 9.242 5
0.454 -0.218 10.207 5
-0.179 -0.123 9.39 5
0.159 0.01 9.717 5
-0.342 -0.136 9.433 5
0.051 -0.255 10.009 5
-0.282 -0.002 9.462 5
0.328 -0.237 9.763 5
-0.553 0.13 9.295 5
-0.113 -0.024 10.038 5
0.399 -0.118 9.689 5
0.15 -0.122 10.003 5
-0.335 -0.001 9.226 5
-0.105 -0.117 9.714 5
0.091 -0.211 9.725 5
-0.188 -0.105 9.206 5
-0.216 -0.282 9.824 5
0.146 -0.02 9.821 5
-0.062 -0.152 9.718 5
0.14 -0.082 9.443 5
-0.394 -0.137 9.673 5
0.066 -0.066 9.796 5
-0.338 -0.12 9.927 5
0.372 -0.131 9.535 5
-0.594 0.001 9.453 5
0.14 0.069 9.779 6
-0.074 -0.217 9.965 5
0.575 -0.133 9.727 5
-0.766 0.012 9.505 5
0.458 -0.142 9.725 5
-0.167 0.014 10.103 5
-0.87 -0.252 9.293 10
0.355 -0.12 9.685 5
-0.465 -0.205 9.817 5
0.757 -0.012 9.825 5
-0.928 0.05 9.485 5
0.385 -0.201 9.447 5
-0.818 -0.105 9.921 5
0.842 -0.058 10.024 5
-1.014 -0.156 9.492 5
0.551 0.005 9.514 5
-0.953 -0.179 9.587 5
1.092 -0.132 10.175 5
-0.641 -0.246 9.46 5
0.335 -0.063 9.661 5
-0.948 -0.168 9.505 5
1.056 -0.039 10.193 5
-0.453 -0.116 9.642 5
0.515 -0.118 9.581 5
-1.097 -0.219 9.403 5
0.983 -0.23 9.998 5
-0.544 -0.099 9.534 5
0.526 0.001 9.828 6
-1.318 -0.193 9.162 5
0.812 -0.269 9.99 5
-0.606 -0.05 9.747 5
0.681 -0.131 10.068 5
-1.392 0.099 9.274 5
0.913 -0.176 10.109 5
-0.493 -0.202 9.665 5
1.028 -0.105 10.176 5
-1.27 0.052 9.283 5
0.832 -0.31 9.877 5
-0.624 -0.012 9.869 5
1.211 -0.207 10.018 5
0.512 -0.236 9.856 5
-0.763 -0.293 9.415 5
1.146 -0.099 10.067 5
-1.01 0.013 9.349 5
0.543 -0.205 9.825 5
-0.994 -0.237 9.377 5
1.045 -0.147 10.155 5
-0.709 -0.047 9.392 5
0.28 -0.033 9.74 5
-0.77 -0.052 9.362 5
1.002 -0.208 10.318 5
-0.662 -0.107 9.5 5
0.23 -0.01 9.769 5
-0.542 -0.18 9.353 5
0.765 -0.187 10.222 6
-0.297 -0.068 9.321 5
0.445 -0.283 9.823 5
-0.729 -0.101 9.285 5
0.426 -0.244 10.08 5
-0.267 0.012 9.5 5
0.441 -0.033 9.791 5
-0.595 -0.111 9.303 5
0.136 -0.241 10.004 5
-0.207 -0.005 9.586 5
0.396 -0.245 9.998 5
-0.741 0.179 9.262 5
0.208 -0.098 10.042 5
0.109 -0.025 9.643 5
0.447 -0.133 9.905 5
-0.541 0.032 9.306 5
0.158 -0.068 9.792 5
-0.027 0.023 9.74 5
0.457 -0.283 9.835 5
-0.46 -0.2 9.204 5
-0.081 -0.268 9.833 5
-0.074 -0.073 9.571 5
0.228 -0.18 9.843 5
-0.052 -0.127 9.39 5
-0.212 -0.091 9.603 5
-0.137 -0.127 9.788 5
-0.056 -0.067 9.847 5
0.131 -0.192 9.47 5
-0.398 -0.045 9.59 5
-0.08 0.087 9.678 5
0.064 -0.169 10.098 6
0.434 -0.062 9.616 5
-0.67 -0.024 9.678 5
0.335 -0.094 9.622 5
-0.08 -0.01 10.123 5
0.97 -0.198 9.647 5
-0.881 -0.298 9.395 5
0.221 -0.069 9.719 5
0.703 -0.054 9.792 5
-0.585 -0.079 9.569 5
0.272 -0.087 9.417 5
-0.586 -0.081 9.986 5
0.526 -0.033 9.772 5
-0.532 -0.18 9.667 5
0.358 0.054 9.485 5
-0.864 -0.108 9.606 5
0.842 -0.145 10.071 5
-0.574 -0.18 9.616 5
0.232 -0.001 9.587 5
-0.717 -0.2 9.505 5
0.972 -0.117 10.201 5
-0.2 -0.157 9.861 5
0.333 -0.274 9.49 5
-1.211 -0.22 9.431 5
1.107 -0.267 10.1 5
-0.498 -0.063 9.627 5
0.483 -0.042 9.867 5
-1.235 -0.231 9.193 5
0.815 -0.271 9.91 5
-0.584 0.001 9.916 6
0.769 -0.094 9.9 5
-1.181 0.005 9.335 5
0.882 -0.101 10.011 5
-0.776 -0.212 9.654 5
1.091 -0.019 10.154 5
-1.289 -0.123 9.055 5
0.972 -0.207 9.94 5
-0.682 -0.135 9.737 5
1.26 -0.301 10.06 5
-1.249 -0.081 9.292 5
0.653 -0.193 9.7 5
-0.911 -0.256 9.602 5
1.183 -0.019 10.048 5
-0.989 -0.101 9.271 5
0.503 -0.193 9.91 5
-1.013 -0.219 9.456 5
1.21 -0.185 10.301 5
-0.755 -0.002 9.4 5
0.309 -0.013 9.824 5
-0.7 -0.001 9.497 5
1.092 -0.254 10.119 5
-0.776 0.026 9.689 6
0.52 -0.108 9.649 5
-0.645 -0.288 9.295 5
0.986 -0.126 10.263 5
-0.38 -0.087 9.297 5
0.424 -0.292 9.808 5
-0.975 -0.082 9.286 5
0.633 -0.344 10.138 5
0.469 -0.072 9.861 5
-0.822 -0.102 9.222 5
0.314 -0.138 10.09 5
-0.531 -0.067 9.493 5
0.748 -0.161 10.013 5
-0.939 0.085 9.13 5
0.322 -0.017 10.081 5
-0.122 -0.1 9.639 5
0.582 -0.179 10.054 5
-0.776 -0.072 9.24 5
0.315 -0.089 9.842 5
-0.109 -0.102 9.705 5
0.609 -0.2 9.875 5
-0.778 -0.137 9.121 5
0.162 -0.256 9.871 5
-0.179 -0.193 9.568 5
0.363 -0.171 9.985 5
-0.222 0.056 9.399 5
-0.121 -0.045 9.809 5
-0.406 -0.069 9.703 5
0.118 -0.111 9.911 5
0.155 -0.2 9.449 6
-0.209 -0.079 9.58 5
-0.361 0.146 9.535 5
0.221 -0.325 9.996 5
0.216 -0.057 9.581 5
-0.274 -0.111 9.646 5
0.058 0.023 9.516 5
-0.002 0.029 10.188 5
0.706 -0.105 9.646 5
-0.735 -0.229 9.535 5
0.047 -0.042 9.654 5
0.012 -0.219 9.925 5
0.444 0.019 9.609 5
-0.582 -0.099 9.58 5
0.061 -0.036 9.289 5
-0.337 -0.164 10.117 5
0.3 -0.047 9.709 5
-0.23 -0.08 9.797 5
0.318 -0.002 9.5 5
-0.736 -0.056 9.767 5
0.739 -0.142 9.986 5
-0.426 -0.189 9.768 5
0.369 -0.149 9.447 5
-0.637 -0.164 9.59 5
0.777 -0.036 10.077 5
-0.225 -0.067 9.729 5
0.206 -0.204 9.435 5
-0.981 -0.162 9.547 5
0.935 -0.225 9.911 6
-0.447 -0.063 9.741 5
0.424 -0.025 9.667 5
0.878 -0.138 9.957 5
-0.501 -0.106 9.894 5
0.722 -0.214 9.911 5
-1.189 -0.058 9.191 5
0.703 -0.024 9.904 5
-0.678 -0.188 9.854 5
0.925 -0.094 10.029 5
-1.144 -0.163 9.184 5
0.947 -0.217 9.858 5
-0.778 -0.074 9.817 5
1.251 -0.1 9.972 5
-1.138 -0.123 9.374 5
0.562 -0.298 9.783 5
-0.833 -0.171 9.619 5
1.148 -0.067 10.128 5
-0.983 -0.098 9.493 5
0.495 -0.167 9.648 5
-1.073 -0.241 9.475 5
1.195 -0.144 10.298 5
-0.83 -0.086 9.5 5
0.338 -0.044 9.742 5
-0.82 0.035 9.583 5
1.22 -0.239 10.172 5
-0.836 -0.041 9.594 5
0.495 -0.112 9.754 5
-0.762 -0.098 9.23 5
1.197 -0.004 10.272 6
-0.66 -0.171 9.367 5
0.574 -0.283 9.754 5
-0.931 -0.175 9.322 5
0.873 -0.343 10.016 5
-0.693 -0.005 9.454 5
0.598 -0.098 9.886 5
-1.001 -0.135 9.248 5
0.463 -0.21 10.162 5
-0.581 -0.094 9.41 5
1.016 -0.262 10.165 5
-1.266 0.164 9.137 5
0.482 -0.089 10.103 5
-0.265 -0.17 9.649 5
0.66 -0.132 9.971 5
-0.894 -0.025 9.287 5
0.454 -0.148 9.812 5
-0.228 -0.012 9.666 5
0.852 -0.157 9.884 5
-0.938 -0.174 9.139 5
0.382 -0.231 9.987 5
-0.398 -0.073 9.435 5
0.589 -0.308 9.908 5
-0.455 0.017 9.206 5
0.271 -0.151 9.796 5
0.24 -0.181 9.929 5
-0.021 -0.137 9.462 5
-0.046 0.023 9.689 5
-0.515 0.062 9.504 6
0.404 -0.281 9.982 5
0.011 0.006 9.644 5
-0.172 -0.062 9.806 5
-0.137 0.025 9.4 5
0.314 -0.061 10.237 5
0.38 -0.105 9.339 5
-0.326 -0.248 9.565 5
-0.187 -0.123 9.495 5
0.09 -0.263 9.806 5
-0.049 -0.06 9.399 15
-0.259 -0.227 10.011 5
0.244 -0.016 9.765 5
-0.022 -0.18 9.912 5
-0.043 0.075 9.199 5
-0.445 -0.111 9.887 5
0.64 -0.106 9.938 5
-0.294 -0.182 9.705 5
0.253 -0.081 9.446 5
-0.376 -0.133 9.653 5
0.552 0.001 10.187 5
-0.05 -0.11 9.685 5
0.19 -0.262 9.358 5
-0.679 -0.123 9.697 5
0.651 -0.116 9.799 5
-0.303 -0.03 9.823 6
0.372 -0.083 9.537 5
-1.023 -0.176 9.242 5
0.576 -0.047 10.036 5
-0.438 -0.023 9.963 5
0.625 -0.16 9.718 5
-1.097 0.081 9.408 5
0.779 -0.026 9.987 5
-0.436 -0.124 9.902 5
0.783 -0.036 10.118 5
-0.994 -0.212 9.299 5
0.84 -0.187 9.646 5
-0.609 -0.025 9.961 5
1.14 -0.118 9.856 5
-0.972 -0.204 9.433 5
0.618 -0.25 9.737 5
-0.798 -0.15 9.634 5
1.073 -0.111 10.121 5
-0.964 -0.062 9.477 5
0.589 -0.175 9.591 5
-1.163 -0.292 9.693 5
1.316 0.079 10.151 5
0.326 -0.092 9.643 5
-0.824 -0.024 9.597 5
1.278 -0.139 10.096 5
-0.913 -0.037 9.7 5
0.481 -0.199 9.727 5
-0.629 -0.204 9.353 6
1.121 -0.012 10.218 5
-0.724 -0.142 9.268 5
0.752 -0.225 9.912 5
-1.025 -0.041 9.281 5
0.837 -0.349 9.917 5
-0.557 -0.008 9.619 5
0.503 -0.069 9.924 5
-1.182 -0.148 9.165 5
0.524 -0.199 9.955 5
-0.597 -0.036 9.597 5
1.067 -0.16 10.122 5
-1.335 0.074 9.191 5
0.704 -0.196 10.01 5
-0.395 -0.073 9.485 5
0.992 -0.225 10.219 5
-1.091 -0.054 9.374 5
0.534 -0.317 9.741 5
-0.544 -0.087 9.625 5
1.097 -0.241 9.971 5
-0.966 -0.192 9.341 5
0.275 -0.271 9.806 5
-0.47 -0.162 9.396 5
0.885 -0.177 10.119 5
-0.905 0.012 9.255 5
0.426 -0.196 9.871 5
-0.756 -0.082 9.581 5
0.638 -0.066 9.962 5
-0.178 -0.201 9.42 5
0.091 0.123 9.863 6
-0.657 -0.088 9.333 5
0.687 -0.219 10.021 5
-0.331 0.0 9.547 5
0.032 -0.145 9.878 5
-0.251 -0.068 9.316 5
0.181 -0.066 10.157 5
0.102 -0.126 9.458 5
-0.063 -0.238 9.716 5
-0.376 -0.104 9.487 5
0.276 -0.195 9.974 5
0.111 -0.113 9.533 5
-0.238 -0.118 9.815 5
-0.162 0.042 9.256 5
0.025 -0.277 10.041 5
-0.08 0.042 9.696 5
0.145 -0.183 9.727 5
-0.187 0.05 9.27 5
0.289 -0.124 9.838 5
-0.141 -0.22 9.661 5
-0.024 -0.039 9.364 5
-0.075 -0.248 9.734 5
0.187 0.13 9.843 5
0.083 -0.16 9.803 5
-0.123 -0.213 9.239 5
-0.453 -0.177 9.667 5
0.45 -0.15 9.749 5
-0.15 -0.052 9.871 5
0.126 -0.089 9.558 6
-0.648 -0.244 9.424 5
0.431 -0.067 9.996 5
-0.335 0.036 9.921 5
0.488 -0.141 9.553 5
-0.849 0.061 9.46 5
0.716 0.023 9.821 5
-0.472 -0.08 9.93 5
0.715 -0.081 9.891 5
-0.88 -0.2 9.286 5
0.803 -0.179 9.668 5
-0.781 -0.079 9.981 5
0.942 -0.006 9.866 5
-0.839 -0.252 9.342 5
0.583 -0.145 9.823 5
-0.663 -0.151 9.758 5
0.947 -0.06 9.904 5
-0.973 -0.032 9.485 5
0.545 -0.195 9.516 5
-0.98 -0.213 9.756 5
1.171 0.044 10.115 5
-0.73 -0.22 9.402 5
0.366 -0.017 9.58 5
-0.867 -0.055 9.562 5
1.036 -0.17 10.03 5
-0.716 -0.038 9.633 5
0.387 -0.181 9.752 5
-0.706 -0.157 9.333 5
0.926 0.031 10.223 6
-0.57 -0.168 9.561 5
0.583 -0.214 9.856 5
-0.881 -0.187 9.453 5
1.032 -0.27 10.124 5
-0.761 0.042 9.575 5
0.665 -0.079 9.966 5
-0.966 -0.135 9.289 5
0.621 -0.257 9.972 5
-0.709 -0.058 9.63 5
1.125 -0.111 9.93 5
-1.481 -0.011 9.254 5
0.875 -0.133 10.029 5
0.996 -0.147 10.184 5
-1.312 -0.068 9.249 5
0.825 -0.246 9.871 5
-0.597 0.037 9.733 5
1.117 -0.116 9.946 5
-1.08 -0.243 9.24 5
0.572 -0.181 10.081 5
-0.634 -0.224 9.525 5
0.969 -0.079 9.978 5
-0.947 0.035 9.453 5
0.579 -0.164 9.894 5
-0.774 -0.194 9.522 5
0.652 -0.151 10.107 5
-0.287 -0.066 9.261 5
0.338 0.074 9.872 5
-0.916 -0.142 9.331 6
0.809 -0.241 10.077 5
-0.362 0.006 9.627 5
0.227 -0.15 9.85 5
-0.604 -0.074 9.431 5
0.538 -0.207 10.063 5
-0.048 0.039 9.53 5
0.137 -0.202 9.877 5
-0.561 -0.067 9.34 5
0.487 -0.185 10.088 5
-0.05 0.01 9.506 5
0.121 -0.147 9.719 5
-0.404 -0.033 9.331 5
0.306 -0.337 10.134 5
-0.407 0.044 9.553 5
0.606 -0.276 9.848 5
-0.504 0.102 9.264 5
0.041 -0.035 9.865 5
-0.072 -0.264 9.564 5
0.206 -0.147 9.953 5
-0.262 0.026 9.318 5
0.022 -0.238 9.937 5
-0.063 0.057 9.743 5
0.487 -0.101 9.856 5
-0.149 -0.205 9.145 5
-0.378 -0.142 9.866 5
0.296 -0.171 9.734 5
-0.015 -0.014 9.728 5
-0.005 -0.205 9.464 6
-0.481 -0.166 9.474 5
0.419 -0.073 9.883 5
-0.326 -0.111 9.988 5
0.174 -0.073 9.4 5
-0.662 -0.077 9.449 5
0.345 0.067 9.854 5
-0.134 -0.163 9.941 5
0.475 -0.138 9.756 5
0.61 -0.042 9.747 5
-0.491 -0.079 10.044 5
0.841 0.023 9.715 5
-0.485 -0.279 9.516 5
0.289 -0.117 9.677 5
-0.462 -0.152 9.904 5
0.815 -0.031 9.683 5
0.782 0.023 10.102 20
-0.769 -0.245 9.395 5
0.318 -0.075 9.725 5
-0.764 -0.01 9.706 5
1.067 -0.158 10.122 5
-0.706 -0.13 9.661 5
0.262 -0.141 9.596 5
-0.54 -0.107 9.573 5
1.054 -0.081 10.201 5
-0.719 -0.062 9.515 5
0.584 -0.129 9.628 6
-0.882 -0.15 9.567 5
1.139 -0.191 10.08 5
-0.817 -0.005 9.503 5
0.759 -0.058 9.913 5
-1.068 -0.118 9.302 5
0.695 -0.282 9.78 5
-0.924 0.002 9.796 5
1.076 -0.064 9.934 5
-1.432 -0.141 9.18 5
0.847 -0.013 10.056 5
-0.442 -0.224 9.673 5
1.008 -0.135 10.186 5
-1.494 -0.107 9.191 5
0.831 -0.244 9.788 5
-0.534 -0.064 9.794 5
1.014 -0.158 10.015 5
-1.147 -0.173 9.352 5
0.697 -0.206 9.938 5
-0.742 -0.221 9.552 5
1.103 -0.112 10.071 5
-0.917 0.048 9.322 5
0.571 -0.218 9.883 5
-1.001 -0.211 9.384 5
0.822 -0.21 10.203 5
-0.503 -0.089 9.371 5
0.321 -0.017 9.624 5
-0.939 -0.093 9.547 5
1.077 -0.342 9.988 6
-0.637 -0.098 9.489 5
0.343 -0.149 9.817 5
-0.734 -0.067 9.408 5
-0.322 0.037 9.446 5
0.432 -0.271 9.748 5
-0.787 -0.188 9.414 5
0.683 -0.236 10.118 5
-0.426 -0.042 9.447 5
0.395 -0.017 9.936 5
-0.754 -0.091 9.296 5
0.22 -0.207 10.155 5
-0.582 0.061 9.529 5
0.678 -0.196 9.908 5
-0.747 0.018 9.23 5
0.202 -0.058 10.071 5
-0.087 -0.206 9.623 5
0.334 -0.181 9.796 5
-0.638 -0.023 9.227 5
0.239 -0.214 10.036 5
-0.144 -0.049 9.612 5
0.485 -0.141 9.824 5
-0.162 -0.181 9.885 10
0.05 -0.149 9.523 5
0.362 -0.089 9.719 5
-0.263 -0.158 9.436 5
-0.335 -0.15 9.646 5
-0.005 -0.048 9.753 5
0.025 -0.144 9.974 5
0.102 -0.042 9.44 6
-0.48 -0.06 9.533 5
0.049 0.127 9.675 5
0.025 -0.221 10.146 5
0.166 -0.12 9.478 5
-0.519 -0.099 9.477 5
0.344 -0.038 9.704 5
-0.219 -0.036 9.923 5
0.547 0.043 9.684 5
-0.406 -0.226 9.511 5
0.096 -0.044 9.611 5
-0.336 -0.193 10.017 5
0.583 -0.117 9.553 5
-0.645 -0.086 9.646 5
0.124 -0.187 9.375 5
-0.641 -0.263 9.953 5
0.808 -0.072 9.81 5
-0.599 -0.139 9.554 5
0.155 0.007 9.569 5
-0.693 0.055 9.664 5
0.994 -0.127 10.093 5
-0.603 -0.093 9.742 5
0.116 -0.155 9.418 5
-0.43 -0.048 9.728 5
0.94 -0.097 10.087 5
0.633 -0.214 9.589 5
-0.943 -0.329 9.45 5
0.904 -0.113 10.072 6
-0.456 -0.132 9.604 5
0.443 -0.035 9.791 5
-1.027 -0.229 9.262 5
0.652 -0.243 9.904 5
-0.67 -0.035 9.719 5
0.95 -0.104 9.93 5
-1.36 -0.1 9.177 5
0.906 -0.087 10.072 5
-0.454 -0.226 9.922 5
0.96 -0.042 10.072 5
-1.421 -0.101 9.268 5
0.801 -0.214 9.883 5
-0.412 0.044 9.899 5
1.013 -0.13 9.948 5
-1.219 -0.158 9.354 5
0.797 -0.276 9.843 5
-0.598 -0.235 9.662 5
1.066 -0.13 10.048 5
-1.079 -0.011 9.228 5
0.715 -0.35 9.733 5
-1.13 -0.223 9.61 5
1.065 -0.193 10.118 5
-0.791 0.001 9.458 5
0.452 -0.052 9.566 5
-0.897 -0.069 9.636 5
1.132 -0.282 10.172 5
-0.799 -0.066 9.556 5
0.478 -0.05 9.879 6
-0.849 -0.106 9.31 5
0.976 -0.148 10.319 5
-0.442 0.051 9.421 5
0.422 -0.289 9.837 5
-0.936 -0.185 9.333 5
1.003 -0.127 10.103 5
-0.41 -0.162 9.412 5
0.321 -0.075 9.788 5
-0.804 -0.207 9.223 5
0.519 -0.211 10.087 5
-0.722 0.023 9.324 5
0.697 -0.169 9.994 5
-0.82 0.129 9.12 5
0.333 -0.089 10.18 5
-0.211 -0.18 9.522 5
0.495 -0.085 9.815 5
-0.781 0.004 9.462 5
0.364 -0.081 9.806 5
-0.272 -0.075 9.725 5
0.638 -0.183 9.833 5
-0.656 0.002 9.301 5
-0.215 -0.06 9.698 5
0.715 -0.269 9.78 5
-0.555 -0.035 9.341 6
0.18 -0.166 9.761 5
-0.231 -0.185 9.794 5
0.237 -0.114 9.799 5
-0.28 -0.077 9.555 5
-0.04 -0.102 9.583 5
-0.481 0.063 9.799 5
0.369 -0.301 9.961 5
-0.049 -0.16 9.586 5
-0.263 0.006 9.644 5
-0.004 -0.108 9.694 5
-0.002 -0.097 10.056 5
0.263 -0.104 9.533 5
-0.2 -0.263 9.506 5
-0.122 -0.098 9.583 5
0.001 -0.171 10.035 5
0.522 -0.16 9.478 5
-0.559 -0.076 9.725 5
-0.053 -0.183 9.335 5
-0.28 -0.173 10.05 5
0.643 -0.054 9.759 5
-0.688 -0.185 9.581 5
0.152 0.041 9.537 5
-0.5 -0.095 9.799 5
0.55 -0.107 10.002 5
-0.363 -0.162 9.759 5
0.071 -0.117 9.342 5
-0.316 -0.155 9.747 5
0.602 -0.088 10.074 6
-0.303 -0.117 9.661 5
0.404 -0.193 9.462 5
-0.748 -0.204 9.572 5
0.823 -0.076 10.103 5
-0.351 -0.127 9.612 5
0.39 0.048 9.697 5
-0.722 -0.242 9.486 5
0.429 -0.263 9.959 5
-0.437 -0.004 9.888 5
0.679 -0.139 9.673 5
-1.336 -0.037 9.267 5
0.693 -0.091 9.937 5
-0.368 -0.175 9.823 5
0.888 -0.039 10.079 5
-1.421 -0.116 9.158 5
1.038 -0.17 9.88 5
-0.437 0.068 10.053 5
1.057 -0.166 9.963 5
-1.249 -0.147 9.158 5
0.862 -0.218 9.852 5
1.178 -0.045 10.024 5
-1.191 -0.047 9.32 5
0.772 -0.223 9.765 5
-1.21 -0.187 9.546 5
1.016 -0.15 10.136 5
-0.732 -0.013 9.37 5
0.396 -0.031 9.652 5
-1.25 -0.08 9.441 6
1.258 -0.154 10.274 5
-0.643 -0.076 9.561 5
0.44 -0.106 9.671 5
-0.939 -0.126 9.289 5
1.084 -0.104 10.393 5
-0.505 0.008 9.483 5
0.447 -0.299 9.799 5
-0.945 -0.086 9.387 5
1.025 -0.204 10.079 5
-0.499 -0.138 9.336 5
0.378 -0.063 9.93 5
-0.864 -0.175 9.136 5
0.578 -0.273 10.04 5
-0.753 -0.033 9.471 5
0.935 -0.304 9.972 5
-1.036 0.141 9.184 5
0.321 -0.139 9.956 5
-0.222 -0.155 9.742 5
0.688 -0.191 10.015 5
-0.944 -0.004 9.315 5
0.529 -0.129 9.99 5
-0.531 -0.142 9.691 5
1.107 -0.232 9.979 5
-0.823 0.062 9.177 5
0.337 -0.244 9.981 5
-0.266 -0.168 9.449 5
0.916 -0.283 9.867 5
-0.879 -0.011 9.218 5
0.255 -0.16 9.738 6
-0.549 -0.238 9.585 5
0.363 -0.138 10.065 5
-0.42 -0.119 9.326 5
-0.023 0.051 9.705 5
-0.52 0.068 9.61 5
0.482 -0.263 10.047 5
-0.238 -0.106 9.428 5
-0.112 -0.026 9.784 5
-0.088 -0.113 9.515 5
0.081 -0.064 10.065 5
0.243 -0.045 9.558 5
-0.016 -0.212 9.635 5
-0.273 -0.024 9.589 5
-0.025 -0.319 9.931 5
-0.386 -0.02 9.659 5
-0.181 -0.102 9.348 5
-0.291 -0.264 9.977 5
0.393 -0.004 9.767 5
-0.365 -0.114 9.594 5
-0.187 0.068 9.402 5
-0.293 -0.069 9.942 5
0.32 -0.031 9.806 5
0.0 -0.276 9.872 5
-0.091 -0.092 9.233 5
-0.003 -0.133 9.791 5
0.182 -0.023 9.831 5
-0.123 -0.111 9.762 5
0.402 -0.32 9.468 5
-0.52 -0.223 9.562 6
0.439 -0.108 10.027 5
-0.222 -0.148 9.758 5
0.155 -0.051 9.459 5
-0.636 -0.258 9.631 5
0.326 -0.225 9.734 5
-0.361 -0.01 9.962 5
0.496 -0.094 9.627 5
-1.176 0.075 9.331 5
0.766 -0.02 9.981 5
-0.285 -0.143 9.892 5
0.9 -0.073 10.052 5
-1.267 -0.169 9.259 5
0.771 -0.092 9.765 5
-0.619 0.032 10.005 5
0.933 -0.12 9.894 5
-1.045 -0.316 9.36 5
0.606 -0.166 9.798 5
-0.788 -0.133 9.88 5
1.276 -0.049 9.988 5
-1.182 -0.088 9.455 5
0.734 -0.233 9.785 5
-0.955 -0.251 9.602 5
1.01 -0.019 10.222 5
-0.987 -0.038 9.266 5
0.37 -0.017 9.666 5
-0.914 0.017 9.644 5
1.309 -0.186 10.137 6
-0.561 -0.237 9.683 5
0.385 -0.054 9.767 5
-0.977 -0.132 9.333 5
1.156 -0.061 10.229 5
-0.44 -0.063 9.615 5
0.584 -0.379 9.767 5
-1.199 -0.127 9.229 5
1.007 -0.194 10.151 5
-0.373 -0.039 9.448 5
-0.912 -0.179 9.246 5
0.743 -0.335 10.074 5
-0.831 -0.039 9.472 5
0.866 -0.191 10.005 5
-1.152 0.223 9.284 5
0.65 -0.193 9.959 5
-0.472 -0.221 9.658 5
1.066 -0.174 10.119 5
-1.192 0.056 9.326 5
0.576 -0.069 9.788 5
-0.637 -0.097 9.629 5
1.28 -0.17 10.255 5
-1.032 -0.193 9.206 5
0.384 -0.133 10.071 5
-0.682 -0.069 9.454 5
0.986 -0.242 9.931 5
-0.944 -0.075 9.341 6
0.457 -0.182 9.79 5
-0.692 -0.207 9.374 5
0.574 -0.08 10.109 5
-0.536 -0.07 9.326 5
0.203 0.037 9.827 5
-0.575 0.002 9.531 5
0.768 -0.456 10.13 5
-0.229 -0.029 9.462 5
-0.088 -0.016 9.658 5
-0.406 -0.056 9.389 5
0.345 -0.254 10.091 5
0.034 -0.091 9.589 5
0.137 -0.176 9.754 5
-0.616 0.092 9.422 5
0.321 -0.192 10.146 5
0.158 -0.031 9.439 5
-0.007 -0.219 9.755 5
-0.265 -0.064 9.264 5
-0.08 -0.231 9.879 5
-0.017 -0.022 9.604 5
0.032 -0.187 9.662 5
-0.267 0.036 9.406 5
-0.067 -0.068 9.956 5
0.193 -0.1 9.846 5
0.088 -0.249 9.897 5
-0.497 0.013 9.271 5
0.018 -0.182 9.998 5
0.246 -0.054 9.887 5
0.038 -0.045 9.904 6
0.139 -0.133 9.327 5
-0.359 -0.064 9.674 5
0.232 -0.03 9.9 5
0.102 -0.227 9.699 5
0.153 -0.052 9.531 5
-0.422 -0.287 9.546 5
-0.191 -0.083 9.993 5
0.314 -0.18 9.48 5
-0.792 -0.06 9.489 5
0.35 0.022 9.971 5
-0.173 -0.042 9.866 5
0.645 -0.024 9.865 5
-1.062 -0.093 9.415 5
0.779 -0.039 9.78 5
-0.273 -0.031 9.982 5
0.804 -0.088 9.755 5
-0.839 -0.226 9.44 5
0.651 -0.141 9.591 5
-0.645 -0.056 9.834 5
1.033 -0.066 9.881 5
-0.837 -0.174 9.449 5
0.673 -0.221 9.608 5
-1.142 -0.262 9.693 5
1.014 -0.01 10.198 5
-0.807 -0.12 9.47 5
0.42 -0.01 9.653 5
-1.162 -0.045 9.621 5
1.373 -0.174 10.28 6
-0.603 -0.143 9.729 5
0.328 0.007 9.587 5
-0.912 -0.064 9.515 5
1.286 -0.026 10.307 5
-0.668 -0.143 9.33 5
0.51 -0.313 9.781 5
-0.881 -0.037 9.317 5
0.971 -0.219 10.128 5
-0.537 -0.018 9.525 5
0.62 -0.101 9.847 5
-1.019 -0.225 9.273 5
0.654 -0.244 9.917 5
-0.785 -0.119 9.605 5
0.988 -0.101 10.229 5
-1.256 0.043 9.134 5
0.569 -0.268 9.95 5
-0.399 -0.126 9.774 5
1.09 -0.212 10.047 5
-1.314 0.011 9.336 5
0.79 -0.054 9.921 5
-0.512 -0.077 9.697 5
1.234 -0.106 10.191 5
-1.068 -0.191 9.33 5
0.564 -0.213 9.93 5
-0.818 -0.158 9.44 5
1.291 -0.292 9.944 5
-1.07 -0.022 9.464 5
0.5 -0.249 9.697 6
-0.805 -0.32 9.441 5
0.965 -0.113 10.191 5
0.446 0.024 9.909 5
-0.804 -0.113 9.445 5
0.975 -0.256 10.173 5
-0.453 -0.08 9.402 5
0.264 -0.027 9.708 5
-0.468 -0.062 9.445 5
0.596 -0.216 10.053 5
-0.217 -0.093 9.38 5
0.301 -0.217 9.846 5
-0.679 -0.127 9.287 5
0.347 -0.266 10.027 5
-0.069 0.018 9.28 5
0.208 -0.129 9.873 5
-0.582 -0.099 9.242 5
0.149 -0.324 9.859 5
-0.05 -0.06 9.667 5
0.194 -0.154 9.643 5
-0.495 0.002 9.299 5
0.051 -0.02 10.098 5
0.13 -0.049 9.7 5
0.307 -0.229 9.829 5
-0.554 0.089 9.242 5
0.389 -0.087 9.919 5
-0.203 -0.032 9.744 5
0.322 -0.17 9.796 5
-0.14 -0.236 9.379 6
-0.125 -0.111 9.786 5
-0.192 -0.043 9.765 5
0.357 -0.176 9.642 5
-0.159 0.036 9.445 5
-0.362 -0.27 9.743 5
-0.197 -0.099 9.552 5
0.102 -0.092 10.073 5
0.149 -0.149 9.417 5
-0.441 -0.13 9.653 5
0.139 0.006 9.712 5
-0.113 -0.005 10.024 5
0.489 -0.205 9.73 5
-0.779 -0.095 9.542 5
0.429 -0.018 9.749 5
-0.28 -0.137 9.941 5
0.578 -0.023 9.734 5
-0.622 -0.25 9.543 5
0.345 -0.098 9.516 5
-0.71 -0.091 9.865 5
1.011 -0.035 9.756 5
-0.931 -0.132 9.422 5
0.634 -0.13 9.696 5
-0.773 -0.321 9.767 5
0.864 0.014 10.057 5
-0.785 -0.137 9.411 5
-0.825 -0.037 9.765 5
0.907 -0.142 9.871 5
-0.29 -0.193 9.881 5
0.235 -0.073 9.569 6
-0.735 -0.093 9.449 5
1.015 -0.05 10.215 5
-0.484 -0.199 9.609 5
0.426 -0.237 9.661 5
-0.889 -0.164 9.374 5
0.923 -0.11 10.088 5
-0.5 -0.075 9.594 5
0.328 -0.055 9.802 5
-0.803 -0.28 9.37 5
0.934 -0.196 9.998 5
-0.669 -0.002 9.466 5
0.857 -0.076 9.935 5
-1.043 -0.086 9.362 5
0.7 -0.199 9.899 5
-0.667 -0.136 9.653 5
1.025 -0.189 9.94 5
-1.224 0.07 9.496 5
0.797 -0.173 9.791 5
-0.706 -0.171 9.754 5
1.354 -0.093 10.281 5
-1.402 -0.269 9.162 5
0.731 -0.168 9.873 5
-0.757 -0.155 9.525 5
1.372 -0.176 10.073 5
-1.113 0.055 9.343 5
0.756 -0.286 9.831 5
-0.693 -0.229 9.53 5
0.815 -0.005 10.123 6
-1.048 -0.091 9.392 5
0.415 -0.024 9.741 5
-0.822 -0.099 9.48 5
0.944 -0.238 10.128 5
-0.66 0.039 9.333 5
0.228 -0.086 9.859 5
-0.726 -0.088 9.364 5
0.815 -0.23 10.141 5
-0.404 -0.018 9.427 5
0.389 -0.252 9.761 5
-0.924 -0.131 9.349 5
0.704 -0.181 10.08 5
-0.261 -0.039 9.358 5
0.363 -0.047 9.931 5
-0.754 -0.091 9.346 5
0.497 -0.323 9.885 5
-0.416 0.094 9.393 5
0.432 -0.12 9.916 5
-0.774 0.007 9.296 5
0.159 -0.066 9.949 5
0.533 -0.193 9.837 5
-0.879 0.0 9.239 5
0.476 -0.202 10.036 5
-0.465 -0.101 9.686 5
0.603 -0.182 9.877 5
-0.462 -0.242 9.272 5
0.037 -0.126 10.107 5
-0.16 -0.144 9.627 6
0.571 -0.12 9.881 5
-0.248 0.022 9.371 5
0.008 -0.198 9.794 5
-0.329 -0.138 9.414 5
0.084 -0.091 9.793 5
-0.113 -0.023 9.377 5
-0.174 0.019 9.706 5
-0.144 0.049 9.648 5
0.04 -0.1 10.067 5
0.111 -0.063 9.452 5
-0.808 -0.136 9.621 5
0.299 0.054 9.705 5
0.068 -0.202 10.067 5
0.244 -0.067 9.621 5
-0.515 -0.325 9.471 5
0.256 0.0 9.7 5
-0.173 -0.119 9.894 5
0.66 -0.152 9.604 5
-0.384 -0.018 9.568 5
0.356 -0.199 9.583 5
-0.716 -0.236 9.766 5
0.596 -0.019 9.881 5
-0.513 -0.175 9.615 5
0.159 0.044 9.408 5
-0.634 -0.126 9.886 5
0.8 -0.155 9.874 5
-0.443 -0.037 9.932 5
-0.078 0.002 9.31 6
-0.53 -0.067 9.758 5
1.183 0.032 10.338 5
-0.542 -0.214 9.647 5
0.368 -0.231 9.554 5
-0.641 -0.16 9.566 5
0.845 -0.111 9.866 5
-0.378 -0.027 9.775 5
0.297 -0.187 9.643 5
-0.818 -0.201 9.433 5
0.801 -0.229 9.886 5
-0.712 -0.118 9.731 5
0.894 -0.098 9.934 5
-1.179 -0.081 9.074 5
0.716 -0.123 10.077 5
-0.613 -0.167 9.819 5
-1.192 -0.022 9.38 5
0.929 -0.113 9.875 5
-0.603 -0.076 9.953 5
1.176 0.001 10.018 5
-1.356 -0.318 9.214 5
0.804 -0.182 9.85 5
-0.7 -0.17 9.577 5
1.246 -0.097 10.107 5
-1.177 0.001 9.305 5
0.769 -0.312 9.684 5
-0.735 -0.229 9.639 5
0.967 -0.067 10.155 5
-1.075 -0.019 9.405 5
0.56 -0.112 9.681 6
-0.912 -0.156 9.63 5
1.133 -0.256 10.102 5
-0.881 -0.013 9.472 5
0.447 -0.054 9.749 5
-0.872 -0.131 9.477 5
1.102 -0.255 10.237 5
-0.555 0.068 9.421 5
0.556 -0.207 9.847 5
-1.018 -0.1 9.339 5
0.834 -0.116 10.125 5
-0.467 -0.085 9.4 5
0.558 -0.087 9.873 5
-0.969 -0.154 9.216 5
0.689 -0.305 10.053 5
-0.566 -0.056 9.412 5
0.508 -0.069 9.894 5
-0.822 -0.067 9.286 5
0.487 -0.042 10.129 5
-0.382 -0.186 9.535 5
0.635 -0.073 10.009 5
-0.91 0.037 9.27 5
0.616 -0.116 10.075 5
-0.462 -0.06 9.543 5
0.714 -0.217 10.085 5
-0.628 -0.075 9.226 5
0.15 -0.117 9.974 5
-0.36 -0.083 9.606 6
0.792 -0.212 9.777 5
-0.482 -0.002 9.32 5
0.234 -0.246 9.865 5
-0.535 -0.122 9.421 5
0.413 -0.214 9.848 5
-0.404 -0.005 9.276 5
0.072 -0.089 9.708 5
-0.407 0.089 9.659 5
0.403 -0.225 9.986 5
-0.182 -0.187 9.452 5
-0.257 0.063 9.673 5
0.308 -0.15 10.165 5
0.034 -0.005 9.585 5
-0.188 -0.316 9.558 5
-0.224 -0.089 9.527 5
0.013 -0.088 10.142 5
0.393 -0.15 9.4 5
-0.259 -0.019 9.771 5
0.077 -0.2 9.446 5
-0.376 -0.216 9.879 5
0.347 -0.064 9.712 5
-0.356 -0.157 9.598 5
0.164 -0.013 9.431 5
-0.554 -0.086 9.888 5
0.504 -0.082 9.893 6
-0.136 -0.127 9.76 5
-0.057 -0.005 9.387 5
-0.468 -0.058 9.777 5
0.802 -0.087 10.054 5
-0.403 -0.141 9.717 5
0.126 -0.211 9.396 5
-0.468 -0.242 9.55 5
0.731 0.026 10.098 5
-0.24 -0.141 9.666 5
0.18 -0.07 9.628 5
-0.61 -0.214 9.479 5
0.554 -0.073 9.953 5
-0.454 -0.033 9.827 5
0.506 -0.102 9.733 5
-0.811 -0.188 9.396 5
0.632 -0.112 9.949 5
-0.559 -0.171 9.885 5
0.733 -0.027 9.802 5
-1.056 -0.026 9.386 5
0.565 -0.193 9.809 5
-0.441 -0.063 10.043 5
1.042 -0.05 10.054 5
-1.235 -0.213 9.122 5
0.658 -0.251 9.847 5
-0.663 -0.075 9.779 5
1.328 -0.072 9.944 5
-1.326 -0.07 9.34 5
0.734 -0.419 9.605 5
-0.737 -0.102 9.741 5
1.007 -0.01 10.115 6
-1.155 -0.023 9.38 5
0.687 -0.137 9.583 5
-1.016 -0.06 9.625 5
1.178 -0.185 10.243 5
-0.948 -0.064 9.408 5
0.72 0.017 9.937 5
-1.025 -0.095 9.37 5
-0.587 0.0 9.662 5
0.525 -0.289 9.653 5
-1.063 -0.199 9.335 5
1.0 -0.155 10.19 5
-0.438 -0.075 9.459 5
0.495 -0.026 9.816 5
-1.056 -0.233 9.24 5
0.781 -0.307 10.037 5
-0.518 -0.001 9.424 5
0.579 -0.171 10.007 5
-1.033 0.07 9.326 5
0.407 -0.166 10.043 5
-0.382 -0.157 9.696 5
0.664 -0.135 10.015 5
-1.07 0.055 9.27 5
0.756 -0.118 10.012 5
-0.441 -0.122 9.647 5
0.902 -0.181 10.062 5
-0.879 -0.068 9.164 6
0.591 -0.194 9.999 5
-0.572 -0.17 9.534 5
1.0 -0.219 9.903 5
-0.648 0.008 9.299 5
0.399 -0.154 9.8 5
-0.716 -0.2 9.443 5
0.715 -0.226 9.871 5
-0.676 -0.043 9.327 5
0.094 -0.088 9.808 5
-0.723 -0.001 9.543 5
0.788 -0.336 10.247 5
-0.431 -0.068 9.353 5
-0.178 0.083 9.841 5
-0.246 -0.064 9.412 5
0.558 -0.095 10.236 5
-0.246 -0.054 9.448 5
-0.009 -0.275 9.567 5
-0.1 -0.055 9.609 5
0.014 -0.186 10.081 5
0.219 0.0 9.502 5
-0.087 -0.042 9.724 5
-0.025 -0.122 9.437 5
-0.271 -0.254 9.994 5
0.294 -0.024 9.708 5
-0.153 -0.106 9.554 5
-0.263 0.149 9.353 5
-0.445 -0.193 9.885 5
0.427 -0.111 9.918 5
0.056 -0.186 9.689 5
-0.336 0.17 9.368 6
-0.135 -0.136 9.802 5
0.581 -0.036 10.038 5
0.095 -0.351 9.353 5
-0.387 -0.098 9.792 5
0.487 0.061 9.982 5
-0.048 -0.233 9.765 5
0.034 -0.101 9.352 5
-0.342 -0.119 9.65 5
0.23 -0.21 9.915 5
-0.298 -0.032 9.908 5
0.32 -0.087 9.69 5
-0.794 -0.049 9.254 5
0.369 -0.05 9.956 5
-0.481 -0.166 9.838 5
0.693 -0.093 9.763 5
-1.076 0.046 9.46 5
0.508 -0.15 9.666 5
-0.159 -0.007 10.147 5
0.904 -0.101 9.962 5
-1.145 -0.296 9.271 5
0.772 -0.2 9.841 5
-0.566 -0.097 9.856 5
1.236 -0.013 10.029 5
-1.185 -0.139 9.352 5
0.703 -0.236 9.831 5
-0.87 -0.21 9.771 5
1.132 0.018 10.097 6
-1.151 0.022 9.346 5
0.702 -0.088 9.704 5
-1.099 -0.123 9.667 5
1.319 -0.093 10.16 5
-0.917 -0.226 9.297 5
0.532 0.052 9.786 5
-0.837 -0.13 9.403 5
1.102 -0.136 10.403 5
-0.357 -0.057 9.693 5
0.438 -0.305 9.541 5
-1.082 -0.148 9.379 5
0.821 -0.135 10.061 5
-0.232 -0.164 9.556 5
0.427 -0.132 9.844 5
-1.242 -0.174 9.192 5
1.002 -0.295 10.085 5
-0.51 -0.011 9.491 5
# end
#Thu Jan 22 16:36:44 SAST 2015