# Accelerometer Values
# filename:  default__6.zip
# Saving start time: Thu Jan 22 16:37:02 SAST 2015

# sensor resolution: 0.0011901855m/s^2
#Sensorvendor: InvenSense, name: LGE Accelerometer Sensor, type: 1,version : 1, range 39.226593

# X value, Y value, Z value, time diff in ms
0.23 -0.12 9.756 5
0.233 -0.212 9.73 5
0.226 -0.119 9.772 5
0.222 -0.156 9.711 5
0.238 -0.133 9.677 5
0.249 -0.13 9.741 5
0.24 -0.1 9.704 5
0.184 -0.123 9.747 5
0.271 -0.138 9.712 5
0.195 -0.141 9.684 5
0.244 -0.12 9.736 5
0.188 -0.106 9.714 5
0.268 -0.133 9.767 5
0.18 -0.125 9.624 5
0.266 -0.085 9.752 5
0.241 -0.058 9.705 5
0.228 -0.075 9.76 5
0.216 -0.123 9.656 5
0.213 -0.116 9.65 5
0.243 -0.168 9.743 5
0.231 -0.083 9.74 5
0.24 -0.126 9.718 5
0.218 -0.085 9.691 5
0.19 -0.119 9.727 5
0.228 -0.094 9.718 6
0.224 -0.114 9.719 5
0.251 -0.158 9.744 5
0.183 -0.13 9.693 5
0.207 -0.125 9.733 5
0.209 -0.133 9.693 5
0.25 -0.136 9.712 5
0.234 -0.102 9.697 5
0.264 -0.126 9.724 5
0.244 -0.106 9.717 5
0.206 -0.12 9.671 5
0.232 -0.112 9.674 5
0.299 -0.15 9.717 5
0.224 -0.154 9.729 5
0.29 -0.126 9.737 5
0.215 -0.166 9.666 5
0.195 -0.105 9.691 5
0.199 -0.133 9.68 5
0.226 -0.129 9.796 5
0.207 -0.133 9.735 5
0.256 -0.126 9.727 5
0.203 -0.085 9.742 5
0.176 -0.107 9.684 5
0.243 -0.104 9.718 5
0.247 -0.102 9.747 5
0.257 -0.107 9.689 5
0.2 -0.067 9.68 5
0.201 -0.104 9.696 5
0.226 -0.155 9.779 6
0.246 -0.08 9.659 5
0.247 -0.157 9.727 5
0.196 -0.08 9.706 5
0.196 -0.098 9.686 5
0.243 -0.104 9.722 5
0.243 -0.102 9.644 5
0.251 -0.166 9.684 5
0.219 -0.111 9.748 5
0.255 -0.123 9.718 5
0.265 -0.145 9.723 5
0.249 -0.12 9.665 5
0.224 -0.213 9.608 5
0.233 -0.1 9.817 5
0.213 -0.119 9.666 5
0.221 -0.089 9.728 5
0.253 -0.094 9.8 5
0.237 -0.188 9.708 5
0.26 -0.145 9.774 5
0.212 -0.198 9.737 5
0.241 -0.13 9.668 5
0.239 -0.117 9.753 5
0.263 -0.137 9.736 5
0.255 -0.164 9.68 5
0.225 -0.188 9.686 5
0.27 -0.086 9.723 5
0.27 -0.137 9.712 5
0.206 -0.138 9.721 6
0.241 -0.15 9.641 5
0.275 -0.193 9.604 5
0.216 -0.108 9.753 5
0.225 -0.158 9.708 5
0.239 -0.162 9.658 5
0.263 -0.099 9.681 5
0.193 -0.11 9.659 5
0.233 -0.073 9.703 5
0.216 -0.099 9.708 5
0.281 -0.152 9.702 5
0.215 -0.113 9.699 5
0.232 -0.117 9.675 5
0.216 -0.091 9.633 5
0.194 -0.148 9.719 5
0.224 -0.098 9.733 5
0.247 -0.088 9.661 5
0.271 -0.155 9.724 5
0.228 -0.143 9.678 5
0.214 -0.107 9.73 5
0.23 -0.117 9.692 5
0.251 -0.116 9.709 5
0.301 -0.135 9.683 5
0.252 -0.138 9.76 5
0.251 -0.092 9.689 5
0.275 -0.126 9.712 6
0.199 -0.191 9.706 5
0.241 -0.142 9.729 5
0.258 -0.113 9.656 5
0.264 -0.169 9.683 5
0.183 -0.156 9.754 5
0.169 -0.122 9.708 5
0.232 -0.188 9.715 5
0.228 -0.174 9.669 5
0.239 -0.104 9.592 5
0.28 -0.177 9.703 5
0.269 -0.129 9.69 5
0.206 -0.155 9.697 5
0.23 -0.136 9.725 5
0.197 -0.16 9.671 5
0.231 -0.163 9.748 5
0.24 -0.068 9.685 5
0.234 -0.087 9.715 5
0.228 -0.18 9.679 5
0.257 -0.157 9.723 5
0.215 -0.15 9.694 5
0.22 -0.149 9.737 5
0.224 -0.144 9.674 5
0.218 -0.168 9.658 5
0.224 -0.148 9.705 5
0.195 -0.125 9.621 5
0.212 -0.135 9.777 5
0.21 -0.177 9.709 5
0.228 -0.136 9.723 5
0.251 -0.129 9.696 6
0.227 -0.112 9.66 5
0.226 -0.155 9.755 5
0.263 -0.151 9.778 5
0.259 -0.116 9.711 5
0.228 -0.068 9.714 5
0.213 -0.136 9.675 5
0.24 -0.127 9.744 5
0.187 -0.123 9.715 5
0.239 -0.135 9.683 5
0.257 -0.152 9.708 5
0.28 -0.118 9.737 5
0.238 -0.117 9.677 5
0.208 -0.099 9.689 5
0.119 -0.123 9.698 5
0.24 -0.154 9.735 5
0.194 -0.107 9.74 5
0.218 -0.099 9.677 5
0.253 -0.148 9.78 5
0.206 -0.133 9.74 5
0.249 -0.095 9.746 5
0.26 -0.101 9.728 5
0.296 -0.17 9.711 5
0.231 -0.168 9.704 5
0.247 -0.125 9.769 5
0.234 -0.131 9.775 5
0.222 -0.104 9.683 5
0.221 -0.161 9.65 5
0.268 -0.113 9.712 6
0.262 -0.108 9.773 5
0.21 -0.135 9.687 5
0.238 -0.142 9.671 5
0.212 -0.11 9.703 5
0.231 -0.157 9.628 5
0.218 -0.122 9.733 5
0.195 -0.133 9.634 5
0.244 -0.11 9.738 5
0.178 -0.166 9.628 5
0.266 -0.11 9.731 5
0.22 -0.129 9.699 5
0.257 -0.123 9.702 5
0.257 -0.143 9.709 5
0.282 -0.113 9.7 5
0.218 -0.11 9.669 5
0.252 -0.143 9.685 5
0.228 -0.094 9.669 5
0.271 -0.127 9.699 5
0.227 -0.144 9.692 5
0.25 -0.156 9.666 5
0.212 -0.156 9.737 5
0.237 -0.129 9.708 5
0.244 -0.125 9.681 5
0.22 -0.129 9.772 5
0.225 -0.067 9.717 5
0.241 -0.144 9.674 5
0.186 -0.138 9.708 5
0.21 -0.137 9.678 6
0.207 -0.11 9.748 5
0.195 -0.131 9.699 5
0.259 -0.148 9.696 5
0.221 -0.157 9.744 5
0.235 -0.147 9.828 5
0.224 -0.105 9.812 5
0.221 -0.155 9.731 5
0.213 -0.116 9.649 5
0.244 -0.147 9.756 5
0.183 -0.112 9.672 5
0.227 -0.142 9.673 5
0.188 -0.138 9.735 5
0.255 -0.099 9.75 5
0.274 -0.099 9.697 5
0.206 -0.126 9.734 5
0.245 -0.106 9.686 5
0.237 -0.101 9.685 5
0.203 -0.191 9.718 5
0.255 -0.12 9.76 5
0.268 -0.139 9.671 5
0.205 -0.142 9.687 5
0.218 -0.116 9.698 5
0.257 -0.11 9.73 5
0.237 -0.145 9.672 5
0.196 -0.08 9.709 5
0.228 -0.1 9.696 5
0.208 -0.187 9.708 5
0.289 -0.137 9.704 5
0.213 -0.142 9.621 5
0.227 -0.08 9.727 6
0.234 -0.117 9.721 5
0.205 -0.089 9.735 5
0.24 -0.117 9.772 5
0.238 -0.118 9.675 5
0.231 -0.099 9.66 5
0.285 -0.097 9.693 5
0.21 -0.116 9.697 5
0.225 -0.126 9.711 5
0.241 -0.111 9.699 5
0.24 -0.138 9.723 5
0.216 -0.085 9.673 5
0.224 -0.149 9.696 5
0.22 -0.117 9.712 5
0.213 -0.136 9.699 5
0.245 -0.117 9.724 5
0.235 -0.163 9.675 5
0.25 -0.177 9.697 5
0.222 -0.125 9.763 5
0.228 -0.11 9.714 5
0.193 -0.135 9.721 5
0.188 -0.156 9.675 5
0.274 -0.099 9.709 5
0.186 -0.127 9.711 5
0.2 -0.136 9.719 5
0.287 -0.132 9.649 6
0.189 -0.125 9.656 5
0.221 -0.11 9.712 5
0.249 -0.142 9.667 5
0.243 -0.122 9.779 5
0.187 -0.106 9.752 5
0.235 -0.126 9.756 5
0.255 -0.158 9.68 5
0.241 -0.17 9.692 5
0.207 -0.108 9.681 5
0.25 -0.143 9.708 5
0.237 -0.131 9.697 5
0.156 -0.122 9.662 5
0.264 -0.125 9.709 5
0.264 -0.175 9.755 5
0.237 -0.108 9.698 5
0.252 -0.122 9.673 5
0.215 -0.117 9.71 5
0.222 -0.113 9.738 5
0.14 -0.132 9.743 5
0.187 -0.104 9.735 5
0.253 -0.102 9.743 5
0.2 -0.154 9.689 5
0.187 -0.152 9.698 5
0.265 -0.188 9.754 5
0.237 -0.132 9.73 5
0.201 -0.138 9.729 5
0.201 -0.148 9.746 5
0.252 -0.094 9.74 6
0.187 -0.161 9.7 5
0.174 -0.131 9.717 5
0.238 -0.136 9.654 5
0.215 -0.087 9.703 5
0.219 -0.131 9.738 5
0.253 -0.105 9.716 5
0.235 -0.154 9.767 5
0.265 -0.105 9.656 5
0.263 -0.047 9.805 5
0.21 -0.173 9.677 5
0.293 -0.117 9.718 5
0.224 -0.093 9.696 5
0.224 -0.112 9.689 5
0.238 -0.111 9.667 5
0.226 -0.131 9.669 5
0.294 -0.113 9.654 5
0.259 -0.123 9.61 5
0.241 -0.13 9.76 5
0.256 -0.117 9.8 5
0.228 -0.144 9.708 5
0.283 -0.126 9.733 5
0.243 -0.12 9.743 5
0.231 -0.169 9.696 5
0.219 -0.144 9.736 5
0.225 -0.104 9.697 5
0.234 -0.13 9.68 5
0.23 -0.154 9.673 5
0.232 -0.098 9.65 5
0.233 -0.192 9.669 6
0.187 -0.119 9.666 5
0.191 -0.164 9.786 5
0.191 -0.118 9.679 5
0.224 -0.156 9.708 5
0.251 -0.117 9.629 5
0.285 -0.13 9.714 5
0.214 -0.112 9.709 5
0.208 -0.149 9.758 5
0.218 -0.106 9.747 5
0.231 -0.12 9.675 5
0.243 -0.15 9.714 5
0.253 -0.122 9.654 5
0.222 -0.081 9.742 5
0.239 -0.12 9.771 5
0.188 -0.105 9.728 5
0.263 -0.137 9.723 5
0.237 -0.122 9.74 5
0.243 -0.079 9.736 5
0.22 -0.125 9.718 5
0.231 -0.168 9.702 5
0.255 -0.112 9.775 5
0.234 -0.137 9.655 5
0.194 -0.12 9.772 5
0.245 -0.125 9.758 5
0.252 -0.118 9.685 5
0.268 -0.137 9.714 5
0.246 -0.161 9.7 6
0.209 -0.077 9.7 5
0.201 -0.061 9.709 5
0.219 -0.152 9.675 5
0.196 -0.12 9.669 5
0.237 -0.142 9.706 5
0.274 -0.129 9.749 5
0.213 -0.149 9.722 5
0.226 -0.107 9.671 5
0.263 -0.106 9.709 5
0.213 -0.144 9.673 5
0.232 -0.112 9.674 5
0.239 -0.092 9.671 5
0.188 -0.129 9.773 5
0.228 -0.181 9.734 5
0.231 -0.136 9.735 5
0.207 -0.138 9.665 5
0.256 -0.082 9.733 5
0.24 -0.149 9.672 5
0.271 -0.122 9.652 5
0.251 -0.15 9.775 5
0.222 -0.099 9.736 5
0.244 -0.083 9.767 5
0.252 -0.136 9.686 5
0.264 -0.131 9.706 5
0.283 -0.082 9.673 5
0.255 -0.173 9.625 5
0.227 -0.157 9.784 5
0.235 -0.177 9.725 6
0.189 -0.142 9.709 5
0.239 -0.12 9.689 5
0.17 -0.151 9.738 5
0.23 -0.127 9.73 5
0.239 -0.105 9.653 5
0.249 -0.133 9.643 5
0.246 -0.113 9.662 5
0.277 -0.166 9.675 5
0.239 -0.139 9.677 5
0.263 -0.137 9.689 5
0.255 -0.126 9.666 5
0.29 -0.077 9.705 5
0.277 -0.122 9.708 5
0.289 -0.169 9.8 5
0.196 -0.162 9.73 5
0.241 -0.149 9.738 5
0.222 -0.162 9.624 5
0.209 -0.098 9.767 5
0.189 -0.087 9.698 5
0.213 -0.093 9.724 5
0.25 -0.186 9.752 5
0.214 -0.114 9.681 5
0.232 -0.143 9.691 5
0.259 -0.157 9.718 5
0.266 -0.143 9.66 5
0.262 -0.113 9.819 5
0.212 -0.139 9.719 5
0.215 -0.101 9.687 5
0.22 -0.081 9.714 6
0.251 -0.127 9.741 5
0.174 -0.186 9.716 5
0.251 -0.125 9.621 5
0.227 -0.187 9.68 5
0.238 -0.127 9.666 5
0.201 -0.117 9.715 5
0.265 -0.106 9.689 5
0.231 -0.058 9.717 5
0.234 -0.073 9.704 5
0.287 -0.144 9.733 5
0.287 -0.212 9.712 5
0.247 -0.143 9.705 5
0.276 -0.182 9.737 5
0.195 -0.114 9.609 5
0.259 -0.108 9.762 5
0.241 -0.098 9.624 5
0.215 -0.113 9.677 5
0.231 -0.131 9.753 5
0.186 -0.152 9.692 5
0.232 -0.138 9.694 5
0.246 -0.149 9.73 5
0.2 -0.127 9.717 5
0.218 -0.137 9.735 5
0.282 -0.099 9.669 5
0.275 -0.117 9.671 5
0.269 -0.077 9.725 5
0.315 -0.155 9.698 5
0.233 -0.143 9.7 6
0.21 -0.167 9.716 5
0.144 -0.21 9.687 5
0.078 -0.082 9.773 5
0.106 -0.043 9.753 5
0.119 -0.105 9.702 5
0.149 -0.076 9.729 5
0.171 -0.106 9.704 5
0.228 -0.105 9.577 5
0.302 -0.163 9.658 5
0.32 -0.156 9.647 5
0.32 -0.147 9.677 5
0.302 -0.13 9.653 5
0.288 -0.102 9.724 5
0.282 -0.074 9.687 5
0.258 -0.131 9.724 5
0.284 -0.097 9.617 5
0.239 -0.217 9.673 5
0.247 -0.225 9.674 5
0.169 -0.206 9.725 5
0.216 -0.149 9.748 5
0.152 -0.176 9.797 5
0.136 -0.063 9.706 5
0.174 -0.062 9.774 5
0.239 -0.075 9.634 5
0.231 -0.107 9.734 5
0.288 -0.124 9.681 5
0.288 -0.196 9.648 5
0.313 -0.192 9.674 5
0.302 -0.151 9.773 6
0.25 -0.133 9.616 5
0.275 -0.055 9.702 5
0.269 -0.087 9.793 5
0.224 -0.108 9.717 5
0.212 -0.123 9.784 5
0.178 -0.143 9.717 5
0.195 -0.166 9.646 5
0.187 -0.122 9.794 5
0.21 -0.1 9.702 5
0.165 -0.089 9.625 5
0.18 -0.133 9.697 5
0.23 -0.111 9.675 5
0.263 -0.156 9.706 5
0.245 -0.149 9.719 5
0.308 -0.141 9.672 5
0.253 -0.151 9.747 5
0.309 -0.124 9.75 5
0.245 -0.086 9.683 5
0.225 -0.048 9.659 5
0.24 -0.105 9.648 5
0.249 -0.118 9.658 5
0.178 -0.138 9.684 5
0.181 -0.089 9.754 5
0.213 -0.101 9.775 5
0.164 -0.177 9.624 5
0.182 -0.17 9.712 5
0.203 -0.098 9.689 6
0.222 -0.101 9.735 5
0.228 -0.122 9.641 5
0.225 -0.073 9.686 5
0.232 -0.101 9.775 5
0.271 -0.173 9.699 5
0.246 -0.17 9.728 5
0.287 -0.061 9.75 5
0.276 -0.08 9.717 5
0.25 -0.127 9.68 5
0.177 -0.126 9.615 5
0.232 -0.111 9.721 5
0.189 -0.137 9.693 5
0.159 -0.129 9.718 5
0.181 -0.126 9.79 5
0.196 -0.126 9.606 5
0.227 -0.161 9.703 5
0.246 -0.116 9.685 5
0.266 -0.117 9.733 5
0.253 -0.148 9.65 5
0.253 -0.148 9.712 5
0.277 -0.117 9.756 5
0.268 -0.143 9.694 5
0.274 -0.107 9.654 5
0.265 -0.142 9.599 5
0.239 -0.127 9.675 5
0.216 -0.118 9.711 5
0.234 -0.099 9.689 5
0.166 -0.126 9.692 5
0.207 -0.151 9.687 6
0.193 -0.117 9.681 5
0.231 -0.131 9.774 5
0.188 -0.069 9.679 5
0.218 -0.136 9.7 5
0.266 -0.089 9.675 5
0.266 -0.147 9.687 5
0.219 -0.173 9.674 5
0.227 -0.063 9.668 5
0.234 -0.123 9.702 5
0.195 -0.099 9.671 5
0.199 -0.126 9.737 5
0.205 -0.117 9.698 5
0.227 -0.105 9.724 5
0.197 -0.108 9.654 5
0.262 -0.161 9.74 5
0.224 -0.182 9.681 5
0.214 -0.129 9.714 5
0.278 -0.147 9.693 5
0.197 -0.094 9.705 5
0.249 -0.1 9.653 5
0.183 -0.151 9.738 5
0.245 -0.151 9.729 5
0.231 -0.114 9.74 5
0.225 -0.124 9.68 5
0.277 -0.139 9.697 5
0.26 -0.085 9.618 5
0.253 -0.139 9.624 5
0.284 -0.072 9.685 6
0.209 -0.069 9.706 5
0.186 -0.175 9.741 5
0.193 -0.099 9.698 5
0.203 -0.126 9.672 5
0.218 -0.162 9.673 5
0.225 -0.161 9.748 5
0.253 -0.139 9.715 5
0.246 -0.147 9.639 5
0.26 -0.135 9.677 5
0.21 -0.176 9.687 5
0.294 -0.088 9.677 5
0.247 -0.107 9.721 5
0.233 -0.107 9.7 5
0.257 -0.161 9.636 5
0.221 -0.108 9.722 5
0.177 -0.175 9.69 5
0.214 -0.126 9.661 5
0.19 -0.114 9.684 5
0.25 -0.145 9.631 5
0.244 -0.124 9.693 5
0.21 -0.094 9.73 5
0.234 -0.13 9.694 5
0.227 -0.143 9.644 5
0.246 -0.102 9.679 5
0.214 -0.161 9.702 5
0.24 -0.119 9.799 5
0.24 -0.092 9.662 6
0.206 -0.157 9.679 5
0.234 -0.099 9.671 5
0.205 -0.105 9.756 5
0.23 -0.111 9.744 5
0.238 -0.15 9.634 5
0.239 -0.174 9.706 5
0.209 -0.135 9.689 5
0.252 -0.149 9.649 5
0.202 -0.122 9.689 5
0.215 -0.142 9.702 5
0.218 -0.157 9.678 5
0.262 -0.129 9.702 5
0.249 -0.152 9.677 5
0.257 -0.17 9.716 5
0.234 -0.13 9.66 5
0.175 -0.094 9.696 5
0.277 -0.145 9.719 5
0.174 -0.151 9.703 5
0.287 -0.086 9.708 5
0.238 -0.151 9.736 5
0.268 -0.166 9.7 5
0.253 -0.136 9.758 5
0.218 -0.124 9.724 5
0.222 -0.089 9.698 5
0.176 -0.142 9.709 6
0.206 -0.118 9.675 5
0.216 -0.136 9.727 5
0.22 -0.117 9.754 5
0.231 -0.141 9.664 5
0.26 -0.155 9.704 5
0.214 -0.124 9.697 5
0.272 -0.077 9.68 5
0.247 -0.162 9.69 5
0.206 -0.102 9.705 5
0.243 -0.072 9.65 5
0.249 -0.074 9.703 5
0.213 -0.101 9.744 5
0.234 -0.122 9.73 5
0.247 -0.089 9.73 5
0.263 -0.12 9.672 5
0.215 -0.106 9.698 5
0.196 -0.155 9.755 5
0.239 -0.089 9.787 5
0.23 -0.133 9.672 5
0.191 -0.15 9.753 5
0.225 -0.132 9.733 5
0.202 -0.171 9.803 5
0.218 -0.126 9.662 5
0.234 -0.151 9.653 5
0.251 -0.114 9.766 5
0.212 -0.081 9.684 5
0.205 -0.116 9.68 5
0.249 -0.122 9.7 5
0.206 -0.132 9.648 6
0.241 -0.112 9.723 5
0.24 -0.149 9.771 5
0.176 -0.105 9.717 5
0.228 -0.058 9.729 5
0.231 -0.149 9.763 5
0.264 -0.133 9.73 5
0.189 -0.135 9.736 5
0.255 -0.162 9.75 5
0.238 -0.119 9.733 5
0.239 -0.122 9.665 5
0.243 -0.088 9.733 5
0.282 -0.135 9.717 5
0.226 -0.105 9.667 5
0.268 -0.088 9.719 5
0.202 -0.144 9.668 5
0.264 -0.122 9.711 5
0.209 -0.119 9.768 5
0.27 -0.097 9.737 5
0.251 -0.133 9.689 5
0.184 -0.16 9.689 5
0.207 -0.136 9.787 5
0.194 -0.073 9.722 5
0.21 -0.175 9.649 5
0.282 -0.111 9.686 5
0.202 -0.114 9.674 5
0.237 -0.116 9.677 5
0.234 -0.143 9.696 6
0.213 -0.152 9.675 5
0.197 -0.105 9.75 5
0.256 -0.142 9.692 5
0.21 -0.105 9.644 5
0.244 -0.157 9.628 5
0.244 -0.154 9.664 5
0.228 -0.112 9.692 5
0.282 -0.088 9.711 5
0.202 -0.088 9.784 5
0.233 -0.139 9.746 5
0.249 -0.188 9.685 5
0.205 -0.157 9.633 5
0.257 -0.136 9.734 5
0.226 -0.081 9.761 5
0.247 -0.174 9.674 5
0.215 -0.129 9.737 5
0.246 -0.088 9.635 5
0.289 -0.124 9.679 5
0.259 -0.144 9.749 5
0.193 -0.118 9.804 5
0.247 -0.182 9.687 5
0.243 -0.166 9.787 5
0.182 -0.135 9.64 5
0.28 -0.152 9.706 5
0.2 -0.144 9.658 5
0.212 -0.188 9.705 5
0.222 -0.1 9.687 5
0.231 -0.124 9.733 5
0.212 -0.12 9.723 5
0.247 -0.126 9.714 6
0.207 -0.129 9.667 5
0.237 -0.193 9.747 5
0.213 -0.113 9.641 5
0.265 -0.141 9.693 5
0.257 -0.072 9.656 5
0.275 -0.081 9.787 5
0.257 -0.126 9.714 5
0.266 -0.114 9.646 5
0.257 -0.114 9.714 5
0.266 -0.113 9.616 5
0.247 -0.101 9.681 5
0.22 -0.145 9.758 5
0.22 -0.117 9.758 5
0.227 -0.116 9.747 5
0.197 -0.119 9.749 5
0.169 -0.116 9.823 5
0.287 -0.18 9.74 5
0.186 -0.104 9.719 5
0.214 -0.141 9.743 5
0.224 -0.195 9.773 5
0.265 -0.177 9.742 5
0.219 -0.123 9.697 5
0.266 -0.105 9.665 5
0.199 -0.136 9.75 5
0.246 -0.141 9.686 5
0.28 -0.089 9.677 5
0.274 -0.162 9.773 6
0.231 -0.099 9.756 5
0.214 -0.108 9.642 5
0.182 -0.131 9.734 5
0.257 -0.174 9.684 5
0.231 -0.085 9.73 5
0.245 -0.082 9.756 5
0.193 -0.125 9.711 5
0.253 -0.094 9.712 5
0.224 -0.163 9.698 5
0.265 -0.125 9.7 5
0.247 -0.142 9.705 5
0.215 -0.095 9.771 5
0.237 -0.108 9.674 5
0.241 -0.142 9.672 5
0.239 -0.16 9.693 5
0.218 -0.16 9.703 5
0.234 -0.131 9.742 5
0.226 -0.144 9.69 5
0.247 -0.16 9.679 5
0.258 -0.097 9.742 5
0.238 -0.091 9.722 5
0.24 -0.082 9.634 5
0.235 -0.181 9.719 5
0.246 -0.118 9.661 5
0.206 -0.087 9.668 5
0.199 -0.148 9.7 5
0.226 -0.11 9.786 5
0.228 -0.169 9.666 5
0.244 -0.086 9.687 6
0.199 -0.1 9.741 5
0.251 -0.106 9.703 5
0.249 -0.082 9.725 5
0.231 -0.124 9.633 5
0.25 -0.111 9.679 5
0.287 -0.133 9.63 5
0.262 -0.108 9.675 5
0.305 -0.095 9.685 5
0.238 -0.124 9.675 5
0.26 -0.11 9.738 5
0.24 -0.156 9.715 5
0.186 -0.12 9.699 5
0.228 -0.162 9.66 5
0.177 -0.129 9.668 5
0.234 -0.113 9.674 5
0.207 -0.144 9.712 5
0.224 -0.129 9.647 5
0.263 -0.094 9.677 5
0.228 -0.099 9.733 5
0.265 -0.095 9.678 5
0.175 -0.117 9.685 5
0.193 -0.137 9.665 5
0.231 -0.138 9.771 5
0.214 -0.114 9.691 5
0.203 -0.089 9.659 5
0.187 -0.131 9.683 5
0.23 -0.125 9.716 6
0.245 -0.102 9.722 5
0.257 -0.151 9.68 5
0.226 -0.132 9.741 5
0.183 -0.143 9.724 5
0.195 -0.135 9.714 5
0.247 -0.137 9.715 5
0.235 -0.181 9.627 5
0.245 -0.147 9.671 5
0.27 -0.13 9.735 5
0.212 -0.148 9.741 5
0.276 -0.168 9.681 5
0.239 -0.148 9.692 5
0.202 -0.073 9.669 5
0.224 -0.102 9.711 5
0.232 -0.11 9.714 5
0.25 -0.137 9.659 5
0.256 -0.126 9.721 5
0.213 -0.149 9.71 5
0.259 -0.163 9.722 5
0.243 -0.086 9.743 5
0.224 -0.154 9.68 5
0.21 -0.117 9.683 5
0.251 -0.129 9.723 5
0.225 -0.174 9.749 5
0.28 -0.164 9.662 5
0.196 -0.137 9.779 5
0.218 -0.182 9.748 6
0.219 -0.112 9.705 5
0.207 -0.129 9.649 5
0.222 -0.158 9.743 5
0.233 -0.17 9.721 5
0.258 -0.124 9.689 5
0.206 -0.106 9.669 5
0.25 -0.131 9.683 5
0.235 -0.11 9.703 5
0.25 -0.151 9.699 5
0.222 -0.1 9.698 5
0.246 -0.155 9.738 5
0.277 -0.111 9.69 5
0.224 -0.108 9.772 5
0.219 -0.183 9.731 5
0.205 -0.13 9.73 5
0.284 -0.124 9.679 5
0.239 -0.122 9.69 5
0.251 -0.079 9.741 5
0.259 -0.112 9.698 5
0.249 -0.114 9.66 5
0.194 -0.177 9.779 5
0.257 -0.123 9.653 5
0.239 -0.142 9.747 5
0.171 -0.183 9.639 5
0.25 -0.113 9.678 5
0.237 -0.119 9.722 5
0.234 -0.108 9.678 5
0.22 -0.098 9.721 6
0.209 -0.135 9.76 5
0.226 -0.133 9.774 5
0.224 -0.122 9.699 5
0.21 -0.095 9.715 5
0.228 -0.122 9.706 5
0.238 -0.116 9.76 5
0.206 -0.126 9.79 5
0.224 -0.113 9.666 5
0.256 -0.147 9.667 5
0.175 -0.166 9.673 5
0.275 -0.16 9.754 5
0.226 -0.123 9.74 5
0.318 -0.093 9.68 5
0.244 -0.107 9.7 5
0.252 -0.199 9.786 5
0.239 -0.217 9.719 5
0.269 -0.148 9.699 5
0.196 -0.18 9.685 5
0.26 -0.1 9.704 5
0.22 -0.133 9.747 5
0.245 -0.081 9.675 5
0.239 -0.164 9.75 5
0.257 -0.108 9.744 5
0.213 -0.193 9.667 5
0.256 -0.105 9.664 5
0.231 -0.169 9.714 5
0.231 -0.122 9.741 5
0.222 -0.119 9.664 6
0.269 -0.106 9.655 5
0.23 -0.108 9.775 5
0.19 -0.163 9.662 5
0.28 -0.12 9.738 5
0.231 -0.099 9.762 5
0.276 -0.136 9.69 5
0.231 -0.08 9.684 5
0.225 -0.131 9.702 5
0.235 -0.149 9.684 5
0.257 -0.074 9.752 5
0.228 -0.15 9.644 5
0.253 -0.152 9.727 5
0.23 -0.093 9.694 5
0.247 -0.136 9.665 5
0.255 -0.141 9.71 5
0.252 -0.132 9.719 5
0.231 -0.112 9.655 5
0.177 -0.079 9.723 5
0.215 -0.156 9.66 5
0.288 -0.092 9.735 5
0.239 -0.138 9.64 5
0.237 -0.098 9.704 5
0.215 -0.101 9.654 5
0.251 -0.105 9.736 5
0.231 -0.154 9.709 5
0.23 -0.068 9.706 5
0.218 -0.129 9.73 5
0.189 -0.137 9.692 5
0.212 -0.122 9.637 6
0.222 -0.135 9.698 5
0.257 -0.107 9.659 5
0.202 -0.174 9.774 5
0.226 -0.125 9.706 5
0.256 -0.085 9.68 5
0.218 -0.133 9.756 5
0.237 -0.141 9.684 5
0.239 -0.116 9.718 5
0.238 -0.113 9.746 5
0.215 -0.114 9.744 5
0.239 -0.163 9.712 5
0.256 -0.104 9.71 5
0.215 -0.143 9.661 5
0.244 -0.087 9.694 5
0.202 -0.075 9.667 5
0.19 -0.102 9.689 5
0.216 -0.132 9.758 5
0.195 -0.088 9.709 5
0.25 -0.117 9.714 5
0.235 -0.196 9.753 5
0.264 -0.098 9.737 5
0.209 -0.135 9.692 5
0.249 -0.116 9.712 5
0.238 -0.142 9.662 5
0.196 -0.155 9.642 5
0.187 -0.141 9.734 5
0.263 -0.111 9.728 5
0.206 -0.143 9.648 6
0.219 -0.098 9.756 5
0.141 -0.143 9.737 5
0.281 -0.161 9.699 5
0.25 -0.154 9.643 5
0.262 -0.173 9.648 5
0.272 -0.127 9.719 5
0.225 -0.139 9.738 5
0.203 -0.145 9.722 5
0.238 -0.107 9.71 5
0.288 -0.135 9.65 5
0.244 -0.132 9.692 5
0.188 -0.127 9.769 5
0.253 -0.158 9.743 5
0.253 -0.133 9.718 5
0.226 -0.137 9.672 5
0.222 -0.136 9.724 5
0.23 -0.086 9.722 5
0.174 -0.097 9.611 5
0.237 -0.127 9.717 5
0.224 -0.145 9.687 5
0.255 -0.094 9.669 5
0.237 -0.138 9.678 5
0.258 -0.139 9.665 5
0.262 -0.161 9.691 5
0.199 -0.132 9.766 5
0.227 -0.104 9.664 5
0.205 -0.117 9.721 5
0.189 -0.129 9.669 6
0.208 -0.068 9.706 5
0.209 -0.095 9.712 5
0.26 -0.111 9.719 5
0.269 -0.085 9.733 5
0.214 -0.113 9.756 5
0.233 -0.157 9.709 5
0.283 -0.149 9.654 5
0.235 -0.126 9.702 5
0.225 -0.136 9.689 5
0.224 -0.124 9.711 5
0.258 -0.104 9.744 5
0.227 -0.155 9.691 5
0.24 -0.157 9.754 5
0.177 -0.122 9.61 5
0.263 -0.162 9.752 5
0.263 -0.111 9.65 5
0.177 -0.117 9.711 5
0.22 -0.144 9.693 5
0.2 -0.136 9.767 5
0.25 -0.136 9.761 5
0.241 -0.12 9.716 5
0.234 -0.116 9.705 5
0.214 -0.138 9.644 5
0.187 -0.118 9.669 5
0.238 -0.064 9.731 5
0.246 -0.141 9.61 5
0.246 -0.1 9.718 5
0.228 -0.182 9.773 6
0.216 -0.139 9.716 5
0.218 -0.139 9.614 5
0.214 -0.11 9.696 5
0.252 -0.098 9.678 5
0.24 -0.136 9.704 5
0.24 -0.129 9.66 5
0.222 -0.079 9.704 5
0.23 -0.126 9.733 5
0.222 -0.123 9.652 5
0.256 -0.114 9.758 5
0.208 -0.117 9.68 5
0.231 -0.152 9.635 5
0.252 -0.152 9.721 5
0.208 -0.119 9.683 5
0.205 -0.133 9.747 5
0.224 -0.106 9.744 5
0.259 -0.102 9.643 5
0.257 -0.111 9.643 5
0.238 -0.107 9.718 5
0.191 -0.11 9.727 5
0.218 -0.144 9.711 5
0.246 -0.132 9.763 5
0.259 -0.179 9.694 5
0.195 -0.095 9.705 5
0.234 -0.082 9.681 5
0.196 -0.123 9.709 5
0.241 -0.11 9.653 5
0.241 -0.142 9.716 5
0.239 -0.144 9.681 6
0.243 -0.145 9.752 5
0.255 -0.152 9.694 5
0.269 -0.132 9.637 5
0.262 -0.129 9.694 5
0.265 -0.145 9.708 5
0.228 -0.114 9.711 5
0.237 -0.067 9.656 5
0.277 -0.108 9.636 5
0.208 -0.133 9.669 5
0.18 -0.149 9.708 5
0.22 -0.119 9.799 5
0.228 -0.129 9.685 5
0.214 -0.139 9.655 5
0.224 -0.139 9.754 5
0.272 -0.136 9.702 5
0.266 -0.102 9.755 5
0.222 -0.069 9.775 5
0.228 -0.132 9.703 5
0.182 -0.125 9.608 5
0.205 -0.129 9.722 10
0.21 -0.126 9.606 5
0.246 -0.127 9.828 5
0.276 -0.156 9.754 5
0.238 -0.136 9.685 5
0.168 -0.135 9.7 5
0.216 -0.137 9.68 5
0.245 -0.104 9.689 6
0.281 -0.135 9.729 5
0.22 -0.131 9.709 5
0.195 -0.118 9.662 5
0.241 -0.158 9.679 5
0.216 -0.106 9.698 5
0.227 -0.091 9.746 5
0.22 -0.145 9.723 5
0.201 -0.135 9.659 5
0.265 -0.182 9.697 5
0.245 -0.152 9.715 5
0.253 -0.135 9.746 5
0.222 -0.131 9.643 5
0.239 -0.113 9.696 5
0.196 -0.117 9.765 5
0.271 -0.186 9.662 5
0.221 -0.158 9.672 5
0.202 -0.158 9.793 5
0.233 -0.138 9.773 5
0.168 -0.11 9.708 5
0.207 -0.138 9.627 5
0.183 -0.101 9.709 5
0.287 -0.108 9.798 5
0.246 -0.13 9.69 5
0.268 -0.133 9.684 5
0.243 -0.142 9.706 5
0.21 -0.116 9.758 5
0.245 -0.061 9.664 5
0.247 -0.063 9.642 6
0.197 -0.1 9.703 5
0.202 -0.155 9.684 5
0.237 -0.155 9.716 5
0.225 -0.116 9.694 5
0.238 -0.126 9.737 5
0.294 -0.117 9.629 5
0.214 -0.135 9.758 5
0.22 -0.105 9.723 5
0.235 -0.106 9.768 5
0.249 -0.144 9.694 5
0.253 -0.126 9.71 5
0.268 -0.127 9.76 5
0.227 -0.106 9.696 5
0.249 -0.117 9.673 5
0.18 -0.122 9.735 5
0.208 -0.061 9.702 5
0.258 -0.137 9.641 5
0.253 -0.138 9.719 5
0.252 -0.119 9.655 5
0.231 -0.116 9.648 5
0.196 -0.091 9.697 5
0.232 -0.133 9.655 5
0.216 -0.151 9.767 5
0.24 -0.138 9.715 5
0.191 -0.113 9.703 6
0.264 -0.052 9.747 5
0.228 -0.155 9.675 5
0.214 -0.142 9.718 5
0.219 -0.118 9.708 5
0.252 -0.124 9.705 5
0.226 -0.114 9.731 5
0.234 -0.136 9.719 5
0.227 -0.122 9.697 5
0.225 -0.138 9.677 5
0.218 -0.11 9.752 5
0.24 -0.088 9.69 5
0.257 -0.155 9.717 5
0.285 -0.16 9.673 5
0.24 -0.118 9.694 5
0.265 -0.127 9.628 5
0.228 -0.142 9.668 5
0.225 -0.114 9.656 5
0.269 -0.116 9.706 5
0.249 -0.102 9.792 5
0.199 -0.102 9.723 5
0.216 -0.167 9.735 5
0.238 -0.127 9.741 5
0.221 -0.086 9.66 5
0.225 -0.126 9.691 5
0.209 -0.1 9.722 5
0.189 -0.169 9.592 5
0.194 -0.168 9.696 6
0.194 -0.166 9.708 5
0.269 -0.135 9.656 5
0.256 -0.102 9.64 5
0.282 -0.105 9.715 5
0.218 -0.119 9.704 5
0.262 -0.16 9.656 5
0.239 -0.168 9.718 5
0.209 -0.112 9.592 5
0.212 -0.137 9.691 5
0.288 -0.144 9.723 5
0.241 -0.107 9.71 5
0.27 -0.139 9.7 5
0.219 -0.116 9.772 5
0.187 -0.148 9.767 5
0.199 -0.101 9.738 5
0.268 -0.118 9.74 5
0.209 -0.119 9.722 5
0.249 -0.125 9.666 5
0.25 -0.15 9.737 5
0.21 -0.123 9.705 5
0.218 -0.154 9.666 5
0.232 -0.127 9.675 5
0.218 -0.122 9.738 5
0.225 -0.11 9.725 5
0.238 -0.164 9.731 5
0.231 -0.133 9.653 5
0.215 -0.152 9.639 5
0.227 -0.082 9.736 6
0.24 -0.117 9.725 5
0.227 -0.155 9.722 5
0.243 -0.116 9.685 5
0.243 -0.11 9.655 5
0.252 -0.105 9.671 5
0.252 -0.142 9.704 5
0.238 -0.157 9.714 5
0.244 -0.126 9.71 5
0.216 -0.144 9.694 5
0.278 -0.125 9.697 5
0.197 -0.13 9.703 5
0.29 -0.102 9.76 5
0.238 -0.066 9.762 5
0.219 -0.125 9.694 5
0.264 -0.085 9.683 5
0.194 -0.142 9.652 5
0.253 -0.13 9.654 5
0.19 -0.158 9.691 5
0.231 -0.117 9.634 5
0.221 -0.131 9.684 5
0.257 -0.119 9.747 5
0.186 -0.133 9.71 5
0.235 -0.125 9.704 5
0.275 -0.136 9.753 5
0.257 -0.158 9.658 5
0.197 -0.171 9.712 5
0.232 -0.162 9.691 5
0.224 -0.102 9.734 5
0.226 -0.113 9.816 5
0.207 -0.168 9.79 6
0.183 -0.105 9.741 5
0.263 -0.11 9.735 5
0.269 -0.101 9.687 5
0.222 -0.15 9.69 5
0.209 -0.119 9.693 5
0.282 -0.142 9.724 5
0.22 -0.107 9.678 5
0.224 -0.117 9.75 5
0.169 -0.105 9.692 5
0.2 -0.113 9.747 5
0.29 -0.072 9.723 5
0.209 -0.108 9.765 5
0.235 -0.182 9.734 5
0.246 -0.132 9.7 5
0.227 -0.114 9.763 5
0.221 -0.136 9.692 5
0.138 -0.133 9.628 5
0.23 -0.075 9.699 5
0.23 -0.097 9.737 5
0.203 -0.116 9.717 5
0.196 -0.168 9.738 5
0.212 -0.138 9.639 5
0.181 -0.139 9.721 5
0.215 -0.143 9.74 5
0.228 -0.104 9.697 5
0.238 -0.099 9.727 6
0.206 -0.113 9.736 5
0.285 -0.169 9.687 5
0.187 -0.144 9.731 5
0.207 -0.125 9.828 5
0.208 -0.154 9.693 5
0.259 -0.156 9.743 5
0.253 -0.141 9.712 5
0.171 -0.126 9.694 5
0.196 -0.136 9.749 5
0.227 -0.147 9.702 5
0.195 -0.12 9.718 5
0.239 -0.094 9.733 5
0.241 -0.124 9.694 5
0.197 -0.124 9.705 5
0.247 -0.099 9.741 5
0.268 -0.129 9.667 5
0.256 -0.161 9.637 5
0.131 -0.137 9.68 5
0.233 -0.13 9.743 5
0.237 -0.114 9.712 5
0.196 -0.091 9.687 5
0.194 -0.082 9.7 5
0.218 -0.148 9.698 5
0.249 -0.138 9.684 5
0.205 -0.117 9.719 5
0.24 -0.097 9.69 5
0.201 -0.043 9.734 5
0.283 -0.095 9.708 5
0.237 -0.135 9.761 5
0.237 -0.076 9.655 6
0.256 -0.13 9.68 5
0.21 -0.13 9.674 5
0.27 -0.143 9.667 5
0.205 -0.068 9.755 5
0.2 -0.127 9.668 5
0.225 -0.119 9.711 5
0.194 -0.11 9.683 5
0.238 -0.169 9.712 5
0.237 -0.148 9.73 5
0.184 -0.133 9.685 5
0.271 -0.091 9.75 5
0.234 -0.154 9.685 5
0.207 -0.11 9.697 5
0.234 -0.147 9.758 5
0.293 -0.116 9.725 5
0.258 -0.136 9.702 5
0.193 -0.127 9.673 5
0.216 -0.133 9.66 5
0.218 -0.122 9.665 5
0.181 -0.141 9.796 5
0.21 -0.108 9.755 5
0.263 -0.126 9.725 5
0.243 -0.137 9.684 5
0.238 -0.127 9.715 5
0.265 -0.085 9.728 5
0.255 -0.16 9.741 5
0.243 -0.111 9.812 6
0.246 -0.086 9.667 5
0.227 -0.113 9.696 5
0.238 -0.143 9.635 5
0.228 -0.141 9.672 5
0.243 -0.164 9.715 5
0.277 -0.111 9.717 5
0.247 -0.168 9.69 5
0.213 -0.142 9.724 5
0.221 -0.141 9.69 5
0.225 -0.116 9.711 5
0.186 -0.145 9.692 5
0.28 -0.152 9.706 5
0.226 -0.123 9.679 5
0.247 -0.155 9.694 5
0.231 -0.13 9.774 5
0.253 -0.107 9.729 5
0.228 -0.114 9.806 5
0.243 -0.151 9.686 5
0.244 -0.154 9.723 5
0.269 -0.097 9.711 5
0.205 -0.136 9.703 5
0.226 -0.094 9.708 5
0.245 -0.155 9.721 5
0.266 -0.088 9.733 5
0.189 -0.108 9.681 5
0.259 -0.108 9.698 5
0.227 -0.162 9.744 6
0.212 -0.118 9.716 5
0.344 -0.107 9.712 5
0.182 -0.124 9.71 5
0.238 -0.135 9.712 5
0.23 -0.12 9.654 5
0.225 -0.148 9.754 5
0.271 -0.174 9.678 5
0.247 -0.068 9.708 5
0.231 -0.1 9.649 5
0.244 -0.072 9.724 5
0.266 -0.164 9.788 5
0.203 -0.163 9.708 5
0.208 -0.151 9.728 5
0.253 -0.094 9.619 5
0.226 -0.114 9.679 5
0.241 -0.119 9.694 5
0.243 -0.113 9.737 5
0.232 -0.171 9.681 5
0.234 -0.152 9.698 5
0.174 -0.114 9.659 5
0.226 -0.155 9.692 5
0.257 -0.091 9.652 5
0.218 -0.117 9.721 5
0.222 -0.137 9.715 5
0.226 -0.122 9.704 5
0.215 -0.175 9.647 5
0.194 -0.16 9.717 5
0.221 -0.158 9.727 5
0.215 -0.102 9.749 6
0.24 -0.129 9.738 5
0.197 -0.101 9.63 5
0.259 -0.104 9.694 5
0.244 -0.098 9.673 5
0.269 -0.169 9.769 5
0.2 -0.154 9.724 5
0.256 -0.129 9.647 5
0.24 -0.108 9.697 5
0.213 -0.186 9.721 5
0.197 -0.124 9.706 5
0.184 -0.136 9.683 5
0.241 -0.176 9.759 5
0.166 -0.093 9.694 5
0.201 -0.183 9.686 5
0.216 -0.099 9.805 5
0.239 -0.164 9.647 5
0.233 -0.118 9.687 5
0.228 -0.12 9.659 5
0.257 -0.125 9.653 5
0.207 -0.122 9.773 5
0.241 -0.106 9.669 5
0.203 -0.139 9.687 5
0.271 -0.082 9.654 5
0.195 -0.148 9.753 5
0.22 -0.08 9.735 5
0.233 -0.123 9.738 5
0.22 -0.155 9.662 6
0.235 -0.119 9.733 5
0.287 -0.138 9.637 5
0.268 -0.131 9.668 5
0.194 -0.118 9.655 5
0.245 -0.166 9.74 5
0.247 -0.112 9.667 5
0.253 -0.116 9.679 5
0.21 -0.088 9.684 5
0.218 -0.13 9.655 5
0.235 -0.086 9.758 5
0.212 -0.152 9.677 5
0.25 -0.138 9.703 5
0.194 -0.107 9.702 5
0.237 -0.116 9.741 5
0.266 -0.169 9.646 5
0.183 -0.119 9.746 5
0.235 -0.106 9.705 5
0.253 -0.154 9.714 5
0.231 -0.126 9.752 5
0.256 -0.155 9.681 5
0.249 -0.083 9.64 5
0.203 -0.137 9.744 5
0.175 -0.156 9.617 5
0.224 -0.145 9.703 5
0.208 -0.119 9.687 5
0.238 -0.085 9.699 5
0.232 -0.113 9.755 5
0.232 -0.152 9.742 5
0.244 -0.151 9.731 6
0.243 -0.131 9.793 5
0.215 -0.125 9.691 5
0.258 -0.122 9.659 5
0.212 -0.156 9.668 5
0.21 -0.141 9.711 5
0.219 -0.139 9.672 5
0.224 -0.123 9.712 5
0.237 -0.137 9.704 5
0.203 -0.116 9.68 5
0.23 -0.152 9.652 5
0.246 -0.126 9.673 5
0.258 -0.151 9.738 5
0.216 -0.143 9.716 5
0.275 -0.161 9.66 5
0.243 -0.119 9.7 5
0.243 -0.067 9.754 5
0.249 -0.136 9.655 5
0.191 -0.123 9.748 5
0.202 -0.076 9.708 5
0.3 -0.123 9.704 5
0.221 -0.141 9.735 5
0.237 -0.108 9.719 5
0.224 -0.133 9.673 5
0.212 -0.126 9.637 5
0.212 -0.077 9.627 5
0.203 -0.142 9.703 5
0.239 -0.136 9.678 5
0.246 -0.127 9.741 6
0.201 -0.147 9.758 5
0.227 -0.154 9.742 5
0.176 -0.167 9.702 5
0.241 -0.085 9.705 5
0.28 -0.194 9.673 5
0.24 -0.16 9.723 5
0.234 -0.144 9.723 5
0.235 -0.122 9.694 5
0.25 -0.126 9.641 5
0.224 -0.15 9.731 5
0.24 -0.098 9.708 5
0.205 -0.142 9.705 5
0.203 -0.135 9.742 5
0.218 -0.093 9.694 5
0.27 -0.138 9.683 5
0.208 -0.111 9.687 5
0.276 -0.125 9.694 5
0.221 -0.143 9.64 5
0.26 -0.08 9.731 5
0.205 -0.141 9.673 5
0.227 -0.138 9.699 5
0.233 -0.108 9.68 5
0.206 -0.116 9.768 5
0.244 -0.108 9.706 5
0.246 -0.126 9.784 5
0.243 -0.167 9.723 5
0.235 -0.157 9.637 5
0.234 -0.163 9.718 6
0.215 -0.141 9.741 5
0.246 -0.129 9.769 5
0.201 -0.127 9.58 5
0.244 -0.149 9.698 5
0.231 -0.063 9.728 5
0.276 -0.151 9.697 5
0.214 -0.113 9.71 5
0.268 -0.12 9.678 5
0.231 -0.164 9.75 5
0.224 -0.119 9.672 5
0.207 -0.1 9.724 5
0.226 -0.149 9.698 5
0.231 -0.129 9.687 5
0.228 -0.188 9.693 5
0.294 -0.122 9.692 5
0.214 -0.161 9.741 5
0.186 -0.111 9.727 5
0.202 -0.166 9.668 5
0.246 -0.124 9.721 5
0.246 -0.097 9.714 5
0.238 -0.095 9.716 5
0.215 -0.092 9.684 5
0.266 -0.091 9.652 5
0.233 -0.132 9.7 5
0.17 -0.166 9.71 5
0.222 -0.152 9.723 5
0.216 -0.136 9.689 5
0.209 -0.135 9.793 5
0.28 -0.131 9.787 5
0.23 -0.129 9.727 6
0.207 -0.114 9.748 5
0.224 -0.152 9.69 5
0.235 -0.137 9.736 5
0.306 -0.116 9.692 5
0.218 -0.124 9.683 5
0.214 -0.208 9.698 5
0.228 -0.131 9.723 5
0.262 -0.148 9.71 5
0.227 -0.118 9.691 5
0.213 -0.131 9.66 5
0.19 -0.11 9.674 5
0.241 -0.131 9.636 5
0.28 -0.133 9.689 5
0.186 -0.069 9.749 5
0.239 -0.118 9.655 5
0.224 -0.151 9.659 5
0.281 -0.122 9.672 5
0.241 -0.16 9.718 5
0.203 -0.147 9.698 5
0.225 -0.112 9.684 5
0.243 -0.106 9.704 5
0.207 -0.113 9.681 5
0.19 -0.136 9.714 5
0.277 -0.192 9.675 5
0.335 -0.11 9.725 6
0.197 -0.182 9.689 4
0.19 -0.123 9.711 6
0.26 -0.086 9.761 5
0.201 -0.093 9.73 5
0.21 -0.105 9.686 5
0.218 -0.099 9.746 5
0.214 -0.158 9.681 5
0.202 -0.12 9.672 5
0.224 -0.157 9.711 5
0.219 -0.151 9.697 5
0.171 -0.12 9.646 5
0.231 -0.108 9.646 5
0.213 -0.091 9.779 5
0.221 -0.116 9.721 5
0.237 -0.127 9.66 5
0.213 -0.113 9.731 5
0.277 -0.162 9.706 5
0.214 -0.137 9.71 5
0.23 -0.144 9.694 5
0.231 -0.086 9.646 5
0.225 -0.089 9.66 5
0.253 -0.108 9.71 5
0.23 -0.122 9.722 5
0.291 -0.196 9.741 5
0.293 -0.164 9.689 5
0.215 -0.187 9.733 5
0.232 -0.062 9.665 5
0.209 -0.079 9.716 5
0.241 -0.11 9.742 5
0.228 -0.12 9.742 6
0.195 -0.138 9.705 5
0.165 -0.168 9.667 5
0.24 -0.196 9.703 5
0.222 -0.148 9.677 5
0.222 -0.193 9.777 5
0.207 -0.13 9.746 5
0.234 -0.087 9.699 5
0.256 -0.016 9.796 5
0.221 -0.123 9.565 5
0.307 -0.145 9.655 5
0.257 -0.188 9.787 5
0.226 -0.114 9.799 5
0.225 -0.149 9.813 5
0.25 -0.045 9.76 5
0.215 -0.063 9.717 5
0.234 -0.177 9.618 5
0.208 -0.112 9.766 5
0.222 -0.168 9.631 5
0.262 -0.144 9.774 5
0.221 -0.119 9.64 5
0.275 -0.101 9.668 5
0.216 -0.167 9.76 5
0.266 -0.143 9.692 5
0.249 -0.106 9.786 5
0.235 -0.077 9.675 5
0.233 -0.129 9.609 5
0.231 -0.126 9.628 5
0.233 -0.16 9.664 5
0.221 -0.18 9.691 5
0.258 -0.124 9.639 6
0.247 -0.099 9.684 5
0.216 -0.126 9.687 5
0.15 -0.141 9.671 5
0.227 -0.074 9.719 5
0.237 -0.162 9.698 5
0.187 -0.144 9.737 5
0.23 -0.11 9.724 5
0.22 -0.149 9.7 5
0.193 -0.063 9.703 5
0.232 -0.151 9.686 5
0.205 -0.136 9.712 5
0.228 -0.08 9.66 5
0.233 -0.16 9.718 5
0.227 -0.11 9.65 5
0.269 -0.155 9.687 5
0.26 -0.148 9.693 5
0.233 -0.114 9.683 5
0.157 -0.105 9.694 5
0.227 -0.175 9.692 5
0.25 -0.17 9.706 5
0.269 -0.177 9.719 5
0.243 -0.154 9.637 6
0.225 -0.127 9.675 5
0.178 -0.138 9.668 5
0.251 -0.147 9.652 5
0.252 -0.11 9.73 5
0.227 -0.119 9.64 5
0.259 -0.141 9.699 5
0.196 -0.108 9.721 5
0.193 -0.177 9.715 5
0.201 -0.187 9.761 5
0.231 -0.123 9.724 5
0.191 -0.094 9.672 5
0.245 -0.145 9.747 5
0.194 -0.135 9.69 5
0.243 -0.157 9.644 5
0.227 -0.108 9.743 5
0.207 -0.101 9.653 5
0.245 -0.179 9.68 5
0.206 -0.152 9.738 5
0.239 -0.129 9.746 5
0.214 -0.087 9.687 5
0.222 -0.168 9.731 5
0.225 -0.119 9.765 5
0.252 -0.122 9.761 5
0.24 -0.094 9.658 5
0.241 -0.085 9.677 5
0.226 -0.122 9.677 5
0.247 -0.111 9.761 5
0.231 -0.124 9.624 6
0.207 -0.133 9.664 5
0.218 -0.117 9.786 5
0.184 -0.169 9.689 5
0.234 -0.131 9.756 5
0.205 -0.127 9.696 5
0.277 -0.098 9.698 5
0.249 -0.11 9.673 5
0.231 -0.117 9.669 5
0.209 -0.116 9.687 5
0.215 -0.126 9.706 5
0.195 -0.143 9.639 5
0.202 -0.147 9.697 5
0.245 -0.133 9.753 5
0.228 -0.114 9.687 5
0.25 -0.139 9.659 5
0.207 -0.131 9.667 5
0.22 -0.098 9.639 5
0.252 -0.125 9.752 5
0.257 -0.124 9.756 5
0.257 -0.147 9.747 5
0.227 -0.114 9.716 5
0.206 -0.123 9.734 5
0.227 -0.173 9.746 5
0.264 -0.13 9.709 5
0.18 -0.104 9.792 5
0.221 -0.072 9.759 5
0.214 -0.163 9.747 5
0.19 -0.156 9.765 5
0.225 -0.091 9.744 6
0.239 -0.094 9.742 5
0.246 -0.136 9.741 5
0.215 -0.129 9.664 5
0.18 -0.113 9.704 5
0.2 -0.124 9.73 5
0.22 -0.142 9.727 5
0.259 -0.114 9.661 5
0.259 -0.092 9.7 5
0.25 -0.119 9.747 5
0.222 -0.1 9.754 5
0.215 -0.11 9.666 5
0.2 -0.123 9.591 5
0.222 -0.107 9.694 5
0.225 -0.126 9.771 5
0.221 -0.141 9.723 5
0.265 -0.173 9.712 5
0.243 -0.113 9.706 5
0.224 -0.104 9.761 5
0.243 -0.143 9.725 5
0.213 -0.142 9.673 5
0.237 -0.149 9.793 5
0.18 -0.126 9.689 5
0.259 -0.166 9.689 5
0.291 -0.16 9.678 5
0.227 -0.113 9.737 5
0.201 -0.101 9.734 5
0.166 -0.12 9.664 5
0.234 -0.081 9.699 6
0.283 -0.167 9.629 5
0.21 -0.119 9.725 5
0.26 -0.12 9.689 5
0.255 -0.129 9.721 5
0.274 -0.108 9.693 5
0.149 -0.105 9.668 5
0.263 -0.106 9.666 5
0.222 -0.168 9.671 5
0.241 -0.158 9.702 5
0.249 -0.123 9.664 5
0.218 -0.123 9.767 5
0.228 -0.161 9.719 5
0.221 -0.122 9.735 5
0.225 -0.105 9.667 5
0.201 -0.143 9.649 5
0.278 -0.091 9.635 5
0.276 -0.11 9.7 5
0.205 -0.123 9.614 5
0.225 -0.135 9.647 5
0.284 -0.177 9.699 5
0.19 -0.149 9.818 5
0.213 -0.072 9.668 5
0.244 -0.035 9.664 5
0.201 -0.1 9.73 5
0.294 -0.06 9.717 5
0.2 -0.136 9.693 5
0.234 -0.171 9.714 5
0.224 -0.152 9.664 6
0.226 -0.218 9.642 5
0.203 -0.072 9.684 5
0.231 -0.087 9.706 5
0.203 -0.1 9.656 5
0.189 -0.106 9.672 5
0.287 -0.156 9.702 5
0.215 -0.151 9.736 5
0.228 -0.208 9.708 5
0.203 -0.156 9.763 5
0.258 -0.119 9.725 5
0.233 -0.086 9.709 5
0.205 -0.074 9.733 5
0.194 -0.08 9.703 5
0.253 -0.13 9.699 5
0.232 -0.154 9.778 5
0.226 -0.151 9.692 5
0.215 -0.117 9.643 5
0.218 -0.155 9.735 5
0.216 -0.126 9.714 5
0.246 -0.085 9.68 5
0.186 -0.089 9.7 5
0.216 -0.118 9.674 5
0.243 -0.176 9.718 5
0.218 -0.132 9.649 5
0.227 -0.151 9.737 5
0.237 -0.148 9.705 5
0.233 -0.152 9.733 5
0.269 -0.119 9.719 5
0.247 -0.099 9.668 6
0.213 -0.118 9.721 5
0.212 -0.1 9.671 5
0.207 -0.075 9.759 5
0.244 -0.135 9.689 5
0.201 -0.16 9.694 5
0.213 -0.161 9.653 5
0.212 -0.177 9.723 5
0.234 -0.16 9.731 5
0.209 -0.173 9.683 5
0.194 -0.092 9.717 5
0.284 -0.116 9.721 5
0.23 -0.112 9.73 5
0.27 -0.168 9.748 5
0.213 -0.125 9.686 5
0.256 -0.148 9.71 5
0.212 -0.105 9.717 5
0.19 -0.107 9.681 5
0.238 -0.13 9.737 5
0.241 -0.148 9.709 5
0.28 -0.168 9.716 5
0.237 -0.122 9.674 5
0.239 -0.083 9.722 5
0.257 -0.176 9.697 5
0.25 -0.099 9.692 5
0.194 -0.108 9.679 5
0.209 -0.123 9.672 6
0.251 -0.077 9.617 5
0.202 -0.126 9.736 5
0.215 -0.145 9.742 5
0.222 -0.183 9.672 5
0.271 -0.123 9.665 5
0.285 -0.149 9.708 5
0.241 -0.116 9.705 5
0.215 -0.135 9.685 5
0.206 -0.136 9.719 5
0.22 -0.143 9.706 5
0.231 -0.129 9.749 5
0.184 -0.139 9.671 5
0.235 -0.182 9.647 5
0.256 -0.151 9.668 5
0.239 -0.156 9.744 5
0.216 -0.17 9.689 5
0.259 -0.137 9.765 5
0.278 -0.102 9.779 5
0.234 -0.141 9.709 5
0.235 -0.137 9.708 5
0.23 -0.147 9.66 5
0.264 -0.139 9.679 5
0.264 -0.144 9.753 5
0.189 -0.151 9.684 5
0.181 -0.126 9.747 5
0.268 -0.161 9.646 5
0.216 -0.127 9.689 5
0.196 -0.132 9.747 5
0.257 -0.136 9.74 5
0.237 -0.117 9.779 6
0.251 -0.13 9.691 5
0.246 -0.123 9.702 5
0.149 -0.238 9.727 5
0.285 -0.106 9.729 5
0.209 -0.086 9.689 5
0.202 -0.126 9.734 5
0.207 -0.112 9.673 5
0.249 -0.11 9.752 5
0.195 -0.147 9.731 5
0.216 -0.118 9.759 5
0.22 -0.125 9.756 5
0.24 -0.119 9.741 5
0.245 -0.072 9.73 5
0.249 -0.154 9.716 5
0.209 -0.149 9.75 5
0.184 -0.081 9.755 5
0.226 -0.154 9.704 5
0.222 -0.149 9.677 5
0.238 -0.087 9.681 5
0.176 -0.118 9.744 5
0.264 -0.152 9.754 5
0.22 -0.122 9.685 5
0.155 -0.164 9.646 5
0.212 -0.131 9.68 5
0.212 -0.127 9.729 5
0.22 -0.141 9.734 6
0.239 -0.108 9.736 5
0.224 -0.152 9.778 5
0.231 -0.137 9.679 5
0.256 -0.081 9.709 5
0.224 -0.196 9.755 5
0.21 -0.138 9.684 5
0.207 -0.145 9.743 5
0.235 -0.088 9.747 5
0.274 -0.1 9.673 5
0.232 -0.095 9.679 5
0.182 -0.083 9.777 5
0.213 -0.139 9.662 5
0.233 -0.139 9.699 5
0.28 -0.127 9.718 5
0.263 -0.112 9.771 5
0.265 -0.143 9.736 5
0.193 -0.138 9.741 5
0.164 -0.132 9.765 5
0.169 -0.075 9.727 5
0.239 -0.112 9.752 5
0.194 -0.119 9.759 5
0.258 -0.102 9.7 5
0.237 -0.099 9.699 5
0.249 -0.169 9.724 5
0.208 -0.166 9.69 5
0.22 -0.095 9.667 5
0.24 -0.129 9.727 5
0.215 -0.108 9.661 6
0.238 -0.132 9.703 5
0.227 -0.163 9.711 5
0.306 -0.126 9.729 5
0.203 -0.186 9.712 5
0.285 -0.129 9.708 5
0.196 -0.11 9.762 5
0.206 -0.135 9.649 5
0.212 -0.139 9.653 5
0.237 -0.175 9.737 5
0.214 -0.137 9.679 5
0.25 -0.108 9.736 5
0.199 -0.094 9.653 5
0.264 -0.163 9.725 5
0.224 -0.167 9.821 5
0.241 -0.093 9.735 5
0.283 -0.161 9.684 5
0.241 -0.104 9.65 5
0.238 -0.101 9.681 5
0.278 -0.127 9.679 5
0.224 -0.139 9.704 5
0.196 -0.138 9.664 5
0.259 -0.136 9.733 5
0.243 -0.116 9.725 5
0.283 -0.136 9.719 5
0.249 -0.111 9.658 5
0.178 -0.124 9.744 5
0.208 -0.142 9.7 5
0.196 -0.117 9.742 5
0.233 -0.081 9.742 5
0.193 -0.154 9.692 6
0.225 -0.125 9.719 5
0.203 -0.137 9.76 5
0.263 -0.13 9.722 5
0.256 -0.122 9.655 5
0.253 -0.126 9.718 5
0.235 -0.147 9.74 5
0.264 -0.143 9.781 5
0.222 -0.081 9.667 5
0.234 -0.113 9.758 5
0.256 -0.086 9.719 5
0.21 -0.16 9.778 5
0.226 -0.143 9.693 5
0.252 -0.112 9.772 5
0.227 -0.135 9.717 5
0.215 -0.13 9.746 5
0.218 -0.151 9.704 5
0.234 -0.125 9.683 5
0.22 -0.127 9.631 5
0.203 -0.131 9.763 5
0.24 -0.049 9.706 5
0.296 -0.107 9.677 5
0.258 -0.089 9.754 5
0.265 -0.174 9.752 5
0.209 -0.135 9.75 5
0.245 -0.093 9.728 5
0.22 -0.079 9.672 6
0.215 -0.073 9.677 5
0.265 -0.151 9.669 5
0.249 -0.135 9.744 5
0.232 -0.111 9.681 5
0.318 -0.171 9.733 5
0.224 -0.155 9.761 5
0.256 -0.148 9.696 5
0.202 -0.1 9.705 5
0.221 -0.114 9.762 5
0.214 -0.095 9.74 5
0.249 -0.114 9.643 5
0.212 -0.193 9.756 5
0.265 -0.164 9.774 5
0.274 -0.154 9.68 5
0.213 -0.193 9.686 5
0.209 -0.105 9.641 5
0.281 -0.099 9.755 5
0.165 -0.105 9.697 5
0.22 -0.045 9.719 5
0.256 -0.138 9.69 5
0.243 -0.122 9.709 5
0.243 -0.205 9.679 5
0.237 -0.204 9.716 5
0.226 -0.125 9.678 5
0.21 -0.092 9.765 5
0.241 -0.116 9.648 5
0.201 -0.082 9.681 5
0.17 -0.064 9.634 5
0.255 -0.138 9.71 6
0.294 -0.152 9.758 5
0.255 -0.199 9.684 5
0.194 -0.116 9.672 5
0.25 -0.054 9.709 5
0.208 -0.063 9.662 5
0.207 -0.098 9.672 5
0.234 -0.092 9.805 5
0.19 -0.074 9.661 5
0.265 -0.142 9.698 5
0.249 -0.127 9.652 5
0.227 -0.152 9.697 5
0.2 -0.113 9.594 5
0.202 -0.106 9.78 5
0.238 -0.108 9.718 5
0.199 -0.099 9.674 5
0.241 -0.061 9.694 5
0.259 -0.166 9.602 5
0.239 -0.152 9.691 5
0.268 -0.175 9.69 5
0.24 -0.073 9.68 5
0.168 -0.154 9.65 5
0.205 -0.113 9.694 5
0.2 -0.105 9.718 5
0.195 -0.131 9.746 5
0.203 -0.151 9.624 5
0.263 -0.152 9.603 5
0.225 -0.125 9.733 5
0.26 -0.089 9.689 6
0.257 -0.069 9.719 5
0.213 -0.104 9.687 5
0.256 -0.154 9.666 5
0.255 -0.151 9.654 5
0.216 -0.129 9.649 5
0.222 -0.142 9.709 5
0.272 -0.132 9.66 5
0.216 -0.141 9.664 5
0.226 -0.104 9.689 5
0.26 -0.106 9.674 5
0.263 -0.136 9.66 5
0.188 -0.094 9.681 5
0.231 -0.17 9.711 5
0.2 -0.137 9.721 5
0.28 -0.11 9.699 5
0.202 -0.149 9.694 5
0.253 -0.166 9.699 5
0.233 -0.158 9.664 5
0.235 -0.117 9.677 5
0.245 -0.185 9.671 5
0.234 -0.129 9.779 5
0.239 -0.136 9.75 5
0.199 -0.122 9.73 5
0.235 -0.107 9.686 5
0.271 -0.15 9.74 5
0.21 -0.151 9.68 5
0.28 -0.108 9.721 5
0.224 -0.181 9.678 5
0.243 -0.132 9.7 6
0.17 -0.126 9.808 5
0.222 -0.081 9.64 5
0.215 -0.112 9.742 5
0.214 -0.079 9.597 5
0.235 -0.144 9.673 5
0.234 -0.202 9.704 5
0.283 -0.129 9.765 5
0.232 -0.157 9.715 5
0.22 -0.132 9.742 5
0.216 -0.108 9.699 5
0.218 -0.104 9.669 5
0.199 -0.117 9.769 5
0.258 -0.163 9.683 5
0.243 -0.086 9.683 5
0.235 -0.151 9.693 5
0.235 -0.189 9.746 5
0.289 -0.133 9.671 5
0.232 -0.118 9.738 5
0.212 -0.093 9.717 5
0.285 -0.138 9.725 5
0.235 -0.144 9.672 5
0.205 -0.113 9.672 5
0.233 -0.104 9.723 5
0.215 -0.185 9.634 5
0.263 -0.122 9.714 5
0.262 -0.132 9.716 5
0.199 -0.126 9.698 5
0.237 -0.095 9.66 6
0.209 -0.12 9.772 5
0.232 -0.129 9.639 5
0.188 -0.158 9.686 5
0.21 -0.174 9.767 5
0.258 -0.188 9.743 5
0.235 -0.126 9.681 5
0.276 -0.132 9.723 5
0.228 -0.138 9.74 5
0.249 -0.158 9.786 5
0.199 -0.157 9.648 5
0.237 -0.07 9.712 5
0.216 -0.151 9.669 5
0.243 -0.114 9.806 5
0.237 -0.114 9.709 5
0.308 -0.083 9.75 5
0.162 -0.104 9.712 5
0.232 -0.1 9.636 5
0.195 -0.137 9.755 5
0.205 -0.135 9.629 5
0.222 -0.113 9.691 5
0.277 -0.158 9.694 5
0.202 -0.124 9.714 5
0.221 -0.111 9.74 5
0.224 -0.116 9.66 5
0.14 -0.135 9.725 5
0.214 -0.069 9.661 5
0.207 -0.118 9.715 5
0.259 -0.127 9.758 6
0.245 -0.18 9.729 5
0.176 -0.13 9.748 5
0.22 -0.066 9.697 5
0.215 -0.116 9.727 5
0.238 -0.132 9.675 5
0.213 -0.104 9.667 5
0.199 -0.081 9.635 5
0.241 -0.135 9.693 5
0.244 -0.06 9.687 5
0.237 -0.086 9.794 5
0.235 -0.095 9.793 5
0.252 -0.124 9.768 5
0.22 -0.129 9.686 5
0.213 -0.156 9.653 5
0.227 -0.117 9.741 5
0.184 -0.108 9.61 5
0.196 -0.097 9.752 5
0.21 -0.161 9.825 5
0.213 -0.151 9.704 5
0.191 -0.158 9.71 5
0.213 -0.108 9.752 5
0.218 -0.112 9.703 5
0.212 -0.152 9.753 6
0.227 -0.141 9.615 5
0.234 -0.13 9.733 5
0.251 -0.063 9.672 5
0.216 -0.123 9.75 5
0.253 -0.116 9.754 5
0.194 -0.16 9.735 5
0.186 -0.151 9.733 5
0.283 -0.123 9.703 5
0.233 -0.106 9.705 5
0.227 -0.1 9.728 5
0.24 -0.07 9.697 5
0.166 -0.122 9.722 5
0.208 -0.133 9.643 5
0.271 -0.113 9.7 5
0.239 -0.126 9.624 5
0.275 -0.068 9.698 5
0.25 -0.087 9.703 5
0.287 -0.16 9.71 5
0.18 -0.114 9.696 5
0.227 -0.123 9.725 5
0.259 -0.118 9.684 5
0.243 -0.147 9.681 5
0.264 -0.168 9.727 5
0.228 -0.114 9.729 5
0.196 -0.111 9.724 5
0.243 -0.107 9.665 5
0.207 -0.136 9.634 5
0.231 -0.117 9.708 5
0.228 -0.075 9.746 5
0.251 -0.076 9.698 5
# end
#Thu Jan 22 16:37:12 SAST 2015