# Accelerometer Values
# filename:  default__7.zip
# Saving start time: Thu Jan 22 16:38:17 SAST 2015

# sensor resolution: 0.0011901855m/s^2
#Sensorvendor: InvenSense, name: LGE Accelerometer Sensor, type: 1,version : 1, range 39.226593

# X value, Y value, Z value, time diff in ms
0.506 -0.126 10.335 5
-0.73 -0.194 9.573 5
0.464 -0.147 10.363 5
-0.403 -0.123 9.329 5
0.457 -0.113 10.211 5
-0.686 -0.167 9.473 5
0.389 -0.213 10.163 5
-0.462 -0.075 9.473 5
0.495 -0.173 10.318 6
-0.679 -0.158 9.161 5
0.598 -0.126 10.329 5
-0.623 -0.236 9.322 5
-0.663 -0.064 9.099 10
0.685 -0.169 10.179 5
-0.781 -0.042 9.209 5
0.532 -0.226 10.272 5
-0.748 -0.082 9.186 5
0.785 -0.133 10.273 5
-0.947 -0.152 9.121 5
0.687 -0.154 10.319 5
-0.694 -0.139 9.132 5
0.608 -0.13 10.206 5
-0.806 -0.126 9.02 5
0.816 -0.217 10.151 5
-0.678 -0.038 9.181 5
0.585 -0.175 10.279 5
-0.743 -0.144 8.934 5
0.741 -0.097 10.488 5
-0.751 -0.125 9.083 5
0.578 -0.133 10.441 5
-0.561 -0.147 8.924 5
0.589 -0.151 10.366 5
-0.719 -0.042 8.895 5
0.454 -0.243 10.306 5
-0.409 -0.022 8.932 5
0.491 -0.144 10.296 6
-0.573 -0.076 8.705 5
0.521 -0.1 10.29 5
-0.418 -0.045 8.695 5
0.332 -0.162 10.155 5
-0.375 -0.022 8.884 5
0.475 -0.241 10.326 5
-0.374 0.017 8.814 5
0.364 -0.187 9.934 5
-0.216 -0.023 8.861 5
-0.294 -0.111 8.961 5
0.207 -0.156 10.211 5
-0.25 -0.013 8.957 5
0.335 -0.223 10.171 5
-0.347 -0.002 8.952 5
0.293 -0.214 10.063 5
-0.154 -0.029 9.181 5
0.209 -0.217 9.98 5
-0.28 -0.15 9.129 5
0.305 -0.147 10.06 5
-0.137 -0.073 9.102 5
0.109 -0.154 10.0 5
-0.169 -0.098 9.271 5
0.256 -0.218 10.017 5
-0.187 -0.044 9.305 5
0.057 -0.156 9.927 5
0.077 -0.069 9.405 5
-0.04 -0.132 9.874 5
0.03 -0.185 9.512 6
-0.11 -0.095 9.891 5
0.232 -0.091 9.358 5
-0.149 -0.179 9.76 5
0.088 -0.025 9.414 5
-0.14 -0.225 9.838 5
0.232 -0.032 9.409 5
-0.386 -0.148 9.892 5
0.408 -0.132 9.415 5
-0.323 -0.069 9.805 5
0.341 -0.151 9.602 5
-0.543 -0.173 9.755 5
0.437 0.022 9.616 5
-0.435 -0.246 9.762 5
0.268 -0.024 9.636 5
-0.424 -0.157 9.936 5
0.453 -0.147 9.567 5
-0.453 -0.173 9.871 5
0.434 -0.221 10.023 5
-0.466 -0.139 9.629 5
0.579 -0.102 9.954 5
-0.654 -0.235 9.719 5
0.434 -0.137 10.235 5
-0.428 -0.206 9.599 5
0.403 -0.097 10.149 5
-0.518 -0.162 9.409 5
0.475 -0.232 10.038 5
-0.47 -0.081 9.65 5
0.404 -0.25 10.32 5
-0.679 -0.195 9.296 6
0.697 -0.073 10.343 5
-0.744 -0.267 9.5 5
0.402 -0.158 10.374 5
-0.618 -0.158 9.168 5
0.579 -0.122 10.146 5
0.54 -0.2 10.269 5
-0.55 -0.068 9.253 5
0.602 -0.162 10.259 5
-0.882 -0.169 9.165 5
0.713 -0.141 10.375 5
-0.649 -0.177 9.134 5
0.587 -0.169 10.337 5
-0.729 -0.113 9.183 5
0.682 -0.193 10.309 5
-0.745 -0.082 9.35 5
0.612 -0.181 10.191 5
-0.76 -0.067 9.07 5
0.758 -0.104 10.35 5
-0.858 -0.126 9.093 5
0.653 -0.166 10.329 5
-0.572 -0.139 8.984 5
0.678 -0.163 10.174 5
-0.741 -0.108 9.027 5
0.678 -0.204 10.246 5
-0.547 -0.018 9.068 5
0.579 -0.167 10.326 5
-0.73 -0.062 8.874 5
0.583 -0.141 10.334 6
-0.49 -0.026 8.763 5
0.458 -0.127 10.243 5
-0.426 -0.069 8.679 5
0.501 -0.224 10.4 5
-0.528 -0.017 8.846 5
0.388 -0.227 10.036 5
-0.285 -0.035 8.785 5
0.403 -0.087 10.259 5
-0.492 -0.111 8.646 5
0.401 -0.149 10.184 5
-0.231 -0.031 8.701 5
0.327 -0.174 10.121 5
-0.332 -0.022 8.948 5
0.404 -0.229 10.293 5
-0.269 0.025 8.74 5
0.249 -0.157 9.871 5
-0.226 -0.005 9.018 5
0.412 -0.095 10.043 5
-0.265 -0.066 8.922 5
0.25 -0.114 9.852 5
-0.157 -0.044 9.036 5
0.276 -0.158 10.085 5
-0.321 -0.044 9.272 5
0.275 -0.179 9.937 5
-0.08 -0.051 9.248 5
0.111 -0.135 9.996 5
-0.084 -0.202 9.478 6
0.041 -0.086 9.834 5
-0.029 -0.012 9.214 5
-0.015 -0.194 10.003 5
0.111 -0.213 10.056 5
0.051 0.012 9.099 5
-0.092 -0.154 9.846 5
0.221 -0.095 9.287 5
-0.079 -0.1 9.868 5
0.215 -0.064 9.397 5
-0.336 -0.155 9.705 5
0.321 -0.025 9.498 5
-0.273 -0.252 9.992 5
0.2 -0.058 9.44 5
-0.262 -0.189 9.874 5
0.359 -0.022 9.59 5
-0.528 -0.18 9.932 5
0.452 -0.077 9.817 5
-0.379 -0.095 9.671 5
0.457 -0.106 9.687 5
-0.662 -0.249 9.837 5
0.433 -0.07 9.994 5
-0.3 -0.245 9.827 5
0.356 -0.117 9.841 5
-0.586 -0.204 9.634 5
0.488 -0.148 9.903 5
-0.453 -0.027 9.777 5
0.518 -0.227 10.062 5
-0.617 -0.168 9.505 6
0.576 -0.091 10.24 5
-0.619 -0.256 9.617 5
0.484 -0.156 10.294 5
-0.437 -0.142 9.589 5
0.456 -0.087 10.113 5
-0.599 -0.161 9.375 5
0.429 -0.148 10.182 5
-0.44 -0.05 9.402 5
0.463 -0.186 10.405 5
-0.655 -0.151 9.322 5
0.691 -0.11 10.425 5
-0.692 -0.227 9.236 5
0.532 -0.157 10.33 5
-0.718 -0.154 9.221 5
0.753 -0.119 10.212 5
-0.742 -0.095 9.346 5
0.539 -0.201 10.148 5
-0.675 -0.105 9.185 5
0.831 -0.177 10.281 5
-0.963 -0.187 9.112 5
0.709 -0.099 10.332 5
-0.705 -0.174 9.32 5
0.612 -0.141 10.211 5
-0.857 -0.079 9.174 5
0.768 -0.207 10.299 5
-0.703 -0.037 9.221 5
0.593 -0.189 10.274 6
-0.781 -0.101 9.149 5
-0.773 -0.117 8.888 5
0.55 -0.138 10.501 5
-0.626 -0.082 8.914 5
0.557 -0.198 10.398 5
-0.713 -0.068 8.942 5
0.438 -0.242 10.334 5
-0.424 0.018 8.966 5
0.493 -0.132 10.386 5
-0.594 -0.1 8.747 5
0.477 -0.107 10.39 5
-0.384 -0.082 8.646 5
0.324 -0.162 10.134 5
-0.485 0.019 8.782 5
0.479 -0.23 10.273 5
-0.336 0.002 8.739 5
0.221 -0.227 9.965 5
-0.251 -0.07 8.896 5
0.432 -0.102 10.096 5
-0.429 -0.079 8.783 5
0.287 -0.088 10.027 5
-0.255 -0.047 8.901 5
0.378 -0.186 10.011 5
-0.344 -0.023 9.06 5
0.371 -0.148 9.911 5
-0.144 0.008 8.791 5
0.187 -0.161 9.836 5
-0.284 -0.075 9.128 5
0.287 -0.061 10.003 5
-0.238 -0.104 9.174 6
0.064 -0.097 10.031 5
-0.229 -0.045 9.271 5
0.235 -0.211 10.052 5
-0.218 -0.025 9.274 5
0.066 -0.223 9.878 5
-0.005 0.004 9.234 5
0.072 -0.13 9.842 5
-0.028 -0.135 9.495 5
-0.097 -0.13 9.892 5
0.138 -0.049 9.334 5
-0.081 -0.213 9.935 5
0.007 -0.022 9.348 5
-0.144 -0.192 9.877 5
0.231 -0.062 9.124 5
-0.351 -0.166 9.858 5
0.338 -0.144 9.516 5
-0.259 -0.11 9.808 5
0.312 -0.137 9.631 5
-0.517 -0.175 9.815 5
0.514 -0.092 9.554 5
-0.344 -0.288 9.972 5
0.203 -0.019 9.623 5
-0.472 -0.246 9.865 5
0.454 -0.067 9.69 5
0.497 -0.144 10.021 5
-0.53 -0.113 9.618 5
0.481 -0.108 9.888 5
-0.663 -0.287 9.844 6
0.572 -0.111 10.194 5
-0.441 -0.13 9.466 5
0.387 -0.077 10.005 5
-0.638 -0.193 9.658 5
0.491 -0.156 10.204 5
-0.486 -0.113 9.525 5
0.397 -0.202 10.285 5
-0.57 -0.142 9.349 5
0.629 -0.06 10.315 5
-0.611 -0.238 9.468 5
0.422 -0.151 10.394 5
-0.459 -0.132 9.334 5
0.572 -0.089 10.282 5
-0.695 -0.066 9.586 5
0.452 -0.164 10.205 5
-0.551 -0.06 9.223 5
0.613 -0.136 10.259 5
-0.837 -0.147 9.142 5
0.698 -0.13 10.342 5
-0.745 -0.098 9.149 5
0.596 -0.136 10.262 5
-0.81 -0.176 9.235 5
0.744 -0.163 10.151 5
-0.739 0.01 9.009 5
0.659 -0.195 10.163 5
-0.703 -0.091 9.195 5
0.831 -0.077 10.386 5
-0.887 -0.132 9.172 6
0.657 -0.097 10.366 5
-0.617 -0.119 8.907 5
0.626 -0.182 10.324 5
-0.745 -0.083 9.09 5
0.589 -0.199 10.344 5
-0.562 -0.031 9.01 5
0.568 -0.129 10.317 5
-0.774 -0.108 8.973 5
0.625 -0.117 10.473 5
-0.493 -0.073 8.845 5
0.415 -0.081 10.165 5
-0.485 -0.051 8.88 5
0.484 -0.23 10.348 5
-0.541 -0.01 8.951 5
0.347 -0.181 10.1 5
-0.305 0.036 8.833 5
0.451 -0.138 10.212 5
-0.529 -0.081 8.868 5
0.321 -0.174 10.286 5
-0.267 -0.041 8.598 5
0.358 -0.191 9.984 5
0.422 -0.154 10.115 5
-0.309 0.019 8.866 5
0.222 -0.144 9.879 5
-0.248 -0.075 8.967 5
0.372 -0.151 10.204 5
-0.265 -0.093 8.916 5
0.218 -0.157 10.052 6
-0.241 -0.027 9.06 5
0.384 -0.229 10.01 5
-0.355 0.036 9.174 5
0.276 -0.206 9.894 5
-0.152 -0.006 9.149 5
0.178 -0.193 9.943 5
-0.117 -0.107 9.449 5
0.138 -0.136 9.905 5
-0.046 -0.142 9.216 5
-0.01 -0.143 10.079 5
-0.06 -0.066 9.308 5
0.115 -0.23 9.856 5
0.033 0.022 9.164 5
-0.129 -0.131 9.859 5
0.258 -0.083 9.406 5
-0.197 -0.08 9.88 5
0.238 -0.15 9.511 5
-0.244 -0.095 9.78 5
0.268 -0.022 9.4 5
-0.249 -0.208 9.927 5
0.141 -0.013 9.321 5
-0.323 -0.225 9.915 5
0.397 -0.044 9.414 5
-0.428 -0.185 9.861 5
0.471 -0.171 9.635 5
-0.36 -0.098 9.753 5
0.483 -0.144 9.671 5
-0.553 -0.21 9.838 6
0.521 -0.005 9.966 5
-0.347 -0.227 9.802 5
0.402 -0.049 9.936 5
-0.532 -0.188 9.909 5
0.432 -0.156 9.916 5
-0.462 -0.112 9.834 5
0.447 -0.223 10.278 5
-0.522 -0.158 9.281 5
0.521 -0.038 10.286 5
-0.626 -0.244 9.759 5
0.472 -0.164 10.319 5
-0.547 -0.163 9.537 5
0.543 -0.095 10.235 5
-0.581 -0.127 9.497 5
0.429 -0.185 10.102 5
-0.538 -0.061 9.565 5
0.478 -0.212 10.31 5
0.695 -0.12 10.334 5
-0.628 -0.152 9.199 5
0.558 -0.089 10.293 5
-0.644 -0.138 9.251 5
0.628 -0.122 10.094 5
-0.687 -0.026 9.339 5
0.604 -0.117 10.105 5
-0.71 -0.052 9.121 5
0.766 -0.108 10.222 5
-0.857 -0.169 9.199 5
0.688 -0.148 10.405 5
-0.644 -0.116 9.066 6
0.593 -0.141 10.262 5
-0.862 -0.098 9.058 5
0.69 -0.211 10.366 5
-0.686 -0.024 9.062 5
0.66 -0.191 10.313 5
-0.817 -0.077 9.002 5
0.694 -0.117 10.486 5
-0.718 -0.133 9.002 5
0.471 -0.174 10.325 5
-0.545 -0.101 8.934 5
0.593 -0.193 10.279 5
-0.647 -0.051 8.933 5
0.499 -0.233 10.186 5
-0.337 -0.052 8.792 5
0.493 -0.16 10.201 5
-0.562 -0.097 8.83 5
0.463 -0.111 10.357 5
-0.375 -0.067 8.696 5
0.35 -0.123 10.131 5
-0.44 -0.066 8.783 5
0.429 -0.196 10.191 5
-0.287 -0.01 8.78 5
0.276 -0.171 9.919 5
-0.33 -0.045 8.785 5
0.42 -0.158 10.148 5
-0.406 -0.072 8.94 5
0.29 -0.093 10.097 5
-0.192 0.004 8.739 6
0.33 -0.182 9.959 5
-0.356 -0.004 8.948 5
0.318 -0.194 9.96 5
-0.168 -0.001 8.998 5
0.18 -0.154 10.018 5
-0.179 -0.141 9.116 5
0.277 -0.086 9.843 5
-0.068 -0.063 9.033 5
0.093 -0.171 10.01 5
-0.131 -0.044 9.112 5
0.239 -0.212 10.063 5
-0.106 -0.02 9.099 5
0.047 -0.16 9.828 5
0.016 -0.144 9.888 5
-0.023 -0.202 9.396 5
-0.171 -0.119 9.835 5
0.276 -0.061 9.364 5
-0.125 -0.225 9.913 5
0.057 -0.006 9.32 5
-0.078 -0.201 9.888 5
0.245 -0.061 9.233 5
-0.323 -0.163 9.797 5
0.346 -0.161 9.572 5
-0.251 -0.063 9.881 5
0.37 -0.108 9.609 5
-0.585 -0.158 9.694 5
0.487 -0.06 9.691 5
-0.349 -0.202 9.859 6
0.338 -0.044 9.662 5
-0.46 -0.193 9.781 5
0.477 -0.107 9.573 5
-0.495 -0.138 9.862 5
0.463 -0.154 9.961 5
-0.503 -0.11 9.615 5
0.564 -0.102 9.963 5
-0.659 -0.245 9.693 5
0.437 -0.094 10.228 5
-0.385 -0.181 9.536 5
0.309 -0.066 10.112 5
-0.549 -0.205 9.754 5
0.4 -0.175 10.171 5
-0.44 -0.087 9.649 5
0.452 -0.181 10.469 5
-0.622 -0.13 9.425 5
0.623 -0.166 10.379 5
-0.604 -0.166 9.491 5
0.375 -0.171 10.47 5
-0.535 -0.164 9.287 5
0.596 -0.091 10.266 5
-0.664 -0.081 9.404 5
0.515 -0.274 10.159 5
-0.614 -0.112 9.389 5
0.688 -0.148 10.253 5
-0.898 -0.166 9.296 5
0.689 -0.093 10.4 6
-0.682 -0.174 9.139 5
0.589 -0.174 10.273 5
-0.741 -0.101 9.171 5
0.768 -0.188 10.224 5
-0.701 -0.014 9.311 5
0.591 -0.185 10.194 5
-0.791 -0.123 9.12 5
0.773 -0.147 10.459 5
-0.831 -0.171 9.177 5
0.654 -0.111 10.407 5
0.627 -0.217 10.36 5
-0.773 -0.136 9.052 5
0.627 -0.254 10.182 5
-0.517 0.025 9.014 5
0.54 -0.123 10.23 5
-0.694 -0.133 8.898 5
0.544 -0.119 10.488 5
-0.573 -0.11 8.878 5
0.41 -0.161 10.303 5
-0.472 -0.043 8.786 5
0.465 -0.219 10.345 5
-0.501 -0.02 8.789 5
0.263 -0.2 10.006 5
-0.294 -0.012 8.72 5
0.434 -0.112 10.15 5
-0.485 -0.13 8.865 5
0.362 -0.131 10.311 5
-0.225 -0.072 8.608 5
0.325 -0.125 9.925 5
-0.385 -0.004 8.849 6
0.438 -0.255 10.036 5
-0.201 0.007 8.761 5
0.2 -0.226 9.816 5
-0.255 -0.032 8.997 5
0.357 -0.117 9.891 5
-0.266 -0.089 8.922 5
0.193 -0.176 9.997 5
-0.243 -0.06 8.953 5
0.402 -0.154 10.034 5
-0.251 0.011 9.134 5
0.23 -0.167 9.888 5
-0.104 -0.038 9.239 5
0.133 -0.099 9.898 5
-0.152 -0.152 9.186 5
0.103 -0.135 9.998 5
0.066 -0.107 9.236 5
-0.054 -0.214 10.098 5
-0.022 -0.036 9.374 5
0.087 -0.231 10.012 5
0.115 0.017 9.159 5
-0.205 -0.226 9.911 5
0.226 -0.089 9.378 5
-0.138 -0.111 9.85 5
0.258 -0.104 9.446 5
-0.392 -0.211 9.821 5
0.331 -0.031 9.379 5
-0.301 -0.23 9.808 5
0.158 -0.029 9.633 5
-0.244 -0.236 9.931 5
0.406 -0.087 9.516 6
-0.472 -0.138 9.936 5
0.431 -0.161 9.844 5
-0.456 -0.125 9.766 5
-0.534 -0.198 9.759 5
0.495 -0.091 9.999 5
-0.371 -0.192 9.754 5
0.382 -0.117 9.903 5
-0.504 -0.207 9.809 5
0.435 -0.108 9.954 5
-0.376 -0.089 9.787 5
0.406 -0.21 10.212 5
-0.6 -0.119 9.537 5
0.519 -0.075 10.287 5
-0.653 -0.141 9.677 5
0.357 -0.139 10.455 5
-0.475 -0.151 9.429 5
0.487 -0.088 10.182 5
-0.667 -0.127 9.655 5
0.406 -0.216 10.147 5
-0.482 -0.026 9.287 5
0.513 -0.169 10.185 5
-0.788 -0.198 9.465 5
0.65 -0.131 10.503 5
-0.717 -0.221 9.255 5
0.554 -0.119 10.373 5
-0.674 -0.093 9.326 6
0.643 -0.13 10.134 5
-0.789 -0.069 9.276 5
0.579 -0.216 10.169 5
-0.735 -0.082 9.16 5
0.822 -0.154 10.317 5
-0.936 -0.152 9.389 5
0.693 -0.033 10.415 5
-0.687 -0.138 9.001 5
0.69 -0.185 10.296 5
-0.824 -0.052 9.239 5
0.62 -0.254 10.099 5
-0.625 -0.031 9.18 5
0.472 -0.18 10.242 5
-0.744 -0.045 8.984 5
0.582 -0.133 10.547 5
-0.686 -0.176 9.186 5
0.399 -0.168 10.479 5
-0.572 -0.129 8.903 5
0.546 -0.17 10.372 5
-0.598 0.0 8.799 5
0.35 -0.214 10.241 5
-0.3 -0.073 8.83 5
0.421 -0.131 10.126 5
-0.542 -0.067 8.858 5
0.314 -0.098 10.249 5
-0.38 0.002 8.659 5
0.375 -0.163 10.16 5
-0.411 -0.024 8.757 6
0.449 -0.177 10.156 5
0.291 -0.167 9.898 5
-0.266 -0.029 8.977 5
0.439 -0.124 10.04 5
-0.444 -0.111 8.889 5
0.18 -0.116 10.0 5
-0.211 -0.076 8.885 5
0.371 -0.162 9.948 5
-0.357 0.023 8.939 5
0.319 -0.206 9.86 5
-0.129 0.024 8.871 5
0.222 -0.188 9.768 5
-0.142 -0.123 9.228 5
0.221 -0.106 9.96 5
-0.102 -0.027 9.147 5
0.016 -0.145 10.056 5
-0.149 -0.005 9.186 5
0.188 -0.187 10.007 5
-0.137 -0.005 9.057 5
0.033 -0.136 9.681 5
0.166 -0.033 9.197 5
-0.013 -0.073 9.867 5
0.063 -0.144 9.354 5
-0.116 -0.129 9.888 5
0.309 -0.082 9.304 5
-0.142 -0.186 9.925 5
0.155 -0.048 9.416 5
-0.147 -0.205 9.98 5
0.307 0.0 9.186 6
-0.418 -0.176 9.809 5
0.413 -0.168 9.683 5
-0.391 -0.099 9.616 5
0.381 -0.094 9.624 5
-0.494 -0.202 9.825 5
0.485 -0.055 9.808 5
-0.313 -0.224 9.831 5
0.346 -0.014 9.787 5
-0.415 -0.18 9.794 5
0.47 -0.114 9.635 5
-0.468 -0.108 9.906 5
0.44 -0.182 9.981 5
-0.507 -0.142 9.724 5
0.551 -0.079 10.062 5
-0.662 -0.286 9.899 5
0.463 -0.06 10.237 5
-0.388 -0.177 9.55 5
0.409 -0.11 10.247 5
-0.557 -0.176 9.765 5
0.385 -0.216 10.172 5
-0.472 -0.049 9.683 5
0.481 -0.149 10.33 5
-0.653 -0.152 9.41 5
0.665 -0.075 10.398 5
-0.649 -0.213 9.337 5
-0.589 -0.15 9.406 5
0.576 -0.092 10.172 5
-0.705 -0.06 9.233 6
0.551 -0.212 10.246 5
-0.647 -0.032 9.162 5
0.704 -0.088 10.182 5
-0.847 -0.157 9.34 5
0.74 -0.126 10.462 5
-0.744 -0.17 9.23 5
0.577 -0.188 10.36 5
-0.785 -0.105 9.259 5
0.748 -0.188 10.24 5
-0.755 -0.03 9.291 5
0.612 -0.212 10.194 5
-0.769 -0.08 9.143 5
0.744 -0.137 10.324 5
-0.778 -0.183 9.362 5
0.574 -0.182 10.449 5
-0.584 -0.12 9.072 5
0.607 -0.201 10.532 5
-0.77 -0.049 9.135 5
0.477 -0.25 10.365 5
-0.544 -0.024 8.938 5
0.509 -0.179 10.319 5
-0.642 -0.15 8.813 5
0.544 -0.097 10.375 5
-0.387 -0.123 8.652 5
0.359 -0.122 10.335 5
-0.5 -0.02 8.692 5
0.458 -0.206 10.244 6
-0.487 0.067 8.669 5
0.328 -0.138 9.938 5
-0.296 -0.02 8.665 5
0.525 -0.079 10.109 5
-0.416 -0.067 8.841 5
0.265 -0.137 10.143 5
-0.185 -0.042 8.767 5
0.376 -0.15 9.996 5
-0.423 0.006 8.827 5
0.459 -0.227 10.005 5
-0.276 0.029 8.903 5
0.265 -0.195 9.906 5
-0.317 -0.069 9.234 5
0.419 -0.093 10.013 5
-0.259 -0.129 9.083 5
0.183 -0.217 10.112 5
-0.213 -0.036 9.082 5
0.334 -0.191 10.111 5
-0.241 -0.007 9.134 5
0.112 -0.18 9.959 5
-0.054 -0.029 8.942 5
0.131 -0.124 9.783 5
0.007 -0.068 9.306 5
0.103 -0.058 9.184 5
-0.006 -0.191 9.853 5
0.016 -0.02 9.267 5
0.076 -0.183 9.999 5
0.132 -0.023 8.972 5
-0.19 -0.125 9.816 6
0.335 -0.113 9.514 5
-0.175 -0.1 9.759 5
0.251 -0.136 9.442 5
-0.447 -0.177 9.897 5
0.31 -0.052 9.495 5
-0.304 -0.233 9.854 5
0.256 -0.036 9.528 5
-0.349 -0.302 9.854 5
0.439 -0.116 9.486 5
-0.46 -0.164 9.98 5
0.439 -0.167 9.753 5
-0.394 -0.158 9.722 5
0.52 -0.113 9.731 5
-0.603 -0.231 9.792 5
0.522 -0.056 9.977 5
-0.378 -0.156 9.787 5
0.344 -0.004 9.827 5
-0.493 -0.188 9.837 5
0.439 -0.066 9.927 5
-0.399 -0.111 9.772 5
0.509 -0.194 10.281 5
-0.559 -0.173 9.603 5
0.543 -0.077 10.267 5
-0.697 -0.218 9.75 5
0.488 -0.124 10.456 5
-0.498 -0.16 9.301 5
0.504 -0.086 10.142 5
-0.655 -0.148 9.717 5
0.421 -0.214 10.257 6
-0.516 -0.094 9.387 5
0.585 -0.131 10.311 5
-0.673 -0.185 9.41 5
0.595 -0.144 10.406 5
-0.66 -0.179 9.37 5
0.551 -0.161 10.306 5
-0.741 -0.079 9.156 5
0.67 -0.189 10.221 5
-0.754 -0.014 9.375 5
0.553 -0.268 10.243 5
-0.744 -0.135 9.258 5
0.784 -0.118 10.313 5
-0.912 -0.218 9.306 5
0.653 -0.137 10.463 5
-0.664 -0.101 9.086 5
0.577 -0.072 10.222 5
-0.766 -0.085 9.174 5
-0.625 -0.023 9.202 5
0.514 -0.192 10.479 5
-0.706 -0.069 9.19 5
0.591 -0.143 10.435 5
-0.604 -0.083 8.947 5
0.443 -0.111 10.312 5
-0.505 -0.095 8.866 5
0.497 -0.164 10.341 5
-0.618 -0.03 8.993 5
0.37 -0.25 10.171 5
-0.379 -0.044 8.777 6
0.441 -0.142 10.173 5
-0.623 -0.112 8.699 5
0.416 -0.07 10.253 5
-0.286 -0.055 8.658 5
0.343 -0.164 9.972 5
-0.381 -0.024 8.836 5
0.441 -0.207 10.074 5
-0.268 0.08 8.683 5
0.226 -0.168 9.94 5
-0.256 -0.057 8.928 5
0.387 -0.08 9.969 5
-0.323 -0.108 8.803 5
0.264 -0.129 9.898 5
-0.137 -0.056 8.755 5
0.365 -0.15 9.96 5
-0.338 -0.05 9.009 5
0.255 -0.232 9.919 5
-0.154 0.038 8.965 5
0.253 -0.11 9.8 5
-0.19 -0.054 9.186 5
0.227 -0.163 9.88 5
-0.112 -0.022 9.127 5
0.005 -0.176 9.91 5
-0.121 -0.117 9.199 5
0.227 -0.217 10.056 5
-0.066 -0.011 9.112 5
-0.049 -0.229 9.768 5
0.159 -0.05 9.286 6
0.026 -0.101 9.836 5
0.081 -0.144 9.372 5
-0.166 -0.182 9.912 5
0.36 -0.017 9.286 5
-0.172 -0.238 9.897 5
0.191 -0.091 9.46 5
-0.161 -0.243 9.872 5
0.309 -0.076 9.242 5
-0.363 -0.147 9.809 5
0.5 -0.118 9.703 5
-0.311 -0.082 9.709 5
0.406 -0.136 9.684 5
-0.584 -0.27 9.846 5
-0.324 -0.292 9.923 5
0.322 -0.057 9.705 5
-0.487 -0.171 9.85 5
0.6 -0.141 9.636 6
-0.423 -0.131 9.825 5
0.534 -0.233 10.009 5
-0.478 -0.112 9.647 5
0.587 -0.032 10.138 5
-0.657 -0.274 9.749 5
0.396 -0.164 10.37 5
-0.387 -0.254 9.671 5
0.41 -0.089 10.128 5
-0.681 -0.239 9.805 5
0.516 -0.223 10.288 5
-0.449 -0.108 9.547 5
0.446 -0.176 10.353 5
-0.705 -0.17 9.428 5
0.594 -0.193 10.388 5
-0.668 -0.204 9.552 5
0.474 -0.144 10.591 5
-0.63 -0.158 9.193 5
0.638 -0.145 10.246 5
-0.738 -0.063 9.611 5
0.566 -0.171 10.236 5
-0.614 -0.102 9.364 5
0.615 -0.11 10.275 5
-0.878 -0.189 9.326 5
0.654 -0.101 10.601 5
-0.735 -0.137 9.475 5
0.627 -0.17 10.272 5
-0.823 -0.099 9.201 5
0.694 -0.196 10.174 5
-0.679 -0.062 9.268 6
0.541 -0.136 10.211 5
-0.786 -0.177 9.184 5
0.756 -0.105 10.385 5
-0.812 -0.113 9.159 5
0.535 -0.125 10.438 5
-0.612 -0.101 9.095 5
0.556 -0.185 10.382 5
-0.742 -0.075 8.983 5
0.481 -0.22 10.318 5
-0.531 -0.017 9.027 5
0.427 -0.189 10.279 5
-0.594 -0.075 8.924 5
0.487 -0.125 10.353 5
-0.516 -0.024 8.805 5
0.271 -0.173 10.237 5
-0.434 -0.022 8.727 5
0.481 -0.199 10.176 5
-0.461 0.048 8.724 5
0.225 -0.181 10.074 5
0.403 -0.106 10.126 5
-0.444 -0.116 8.735 5
0.369 -0.095 10.015 5
-0.184 -0.045 8.845 5
0.303 -0.179 10.021 5
-0.303 0.013 8.721 5
0.399 -0.191 9.858 5
-0.215 0.018 8.717 5
0.253 -0.138 9.974 6
-0.175 -0.044 9.053 5
0.309 -0.112 9.93 5
-0.24 -0.08 9.13 5
0.256 -0.152 9.95 5
-0.111 0.008 8.904 5
0.331 -0.157 9.973 5
-0.173 -0.027 9.177 5
0.116 -0.126 9.942 5
0.05 -0.042 9.072 5
0.146 -0.033 9.815 5
0.006 -0.083 9.211 5
0.007 -0.079 9.779 5
0.125 -0.089 9.228 5
-0.024 -0.232 9.925 5
-0.013 0.036 9.205 5
0.047 -0.238 10.0 5
0.169 -0.011 9.102 5
-0.143 -0.176 9.822 5
0.25 -0.145 9.586 5
-0.185 -0.092 9.735 5
0.228 -0.143 9.485 5
-0.386 -0.212 9.821 5
0.443 -0.067 9.511 5
-0.34 -0.257 9.923 5
0.347 -0.061 9.462 5
-0.362 -0.2 9.796 5
0.412 -0.076 9.483 5
-0.447 -0.127 9.911 6
0.41 -0.148 9.788 5
-0.406 -0.097 9.781 5
0.621 -0.11 9.821 5
-0.614 -0.207 9.737 5
0.465 -0.068 10.025 5
-0.399 -0.256 9.993 5
0.35 -0.117 10.032 5
-0.551 -0.237 9.96 5
0.476 -0.179 10.065 5
-0.434 -0.057 9.743 5
0.431 -0.251 10.221 5
-0.55 -0.139 9.559 5
0.608 -0.101 10.368 5
-0.697 -0.273 9.708 5
0.382 -0.118 10.663 5
-0.397 -0.174 9.529 5
-0.689 -0.113 9.619 5
0.451 -0.229 10.21 5
-0.576 -0.091 9.534 5
0.506 -0.173 10.331 5
-0.789 -0.163 9.299 5
0.677 -0.126 10.442 5
-0.661 -0.201 9.431 5
0.515 -0.206 10.399 5
-0.741 -0.127 9.251 5
0.734 -0.158 10.296 5
-0.679 -0.072 9.496 5
0.589 -0.185 10.126 6
-0.719 -0.149 9.251 5
0.734 -0.176 10.29 5
-0.907 -0.144 9.295 5
0.607 -0.141 10.437 5
-0.678 -0.169 8.96 5
0.639 -0.154 10.255 5
-0.774 -0.033 9.176 5
0.565 -0.168 10.23 5
-0.607 -0.017 9.161 5
0.508 -0.194 10.156 5
-0.741 -0.125 9.112 5
0.662 -0.11 10.465 5
-0.617 -0.101 9.018 5
0.477 -0.099 10.374 5
-0.516 -0.088 8.829 5
0.491 -0.275 10.379 5
-0.629 -0.033 9.021 5
0.36 -0.237 10.097 5
-0.412 -0.051 8.807 5
0.403 -0.116 10.084 5
-0.501 -0.092 8.817 5
0.314 -0.137 10.154 5
-0.326 -0.039 8.683 5
0.335 -0.175 10.011 5
-0.375 0.041 8.821 5
0.438 -0.195 10.156 5
-0.282 -0.002 8.577 5
0.237 -0.114 9.69 5
-0.238 -0.087 8.813 6
0.422 -0.111 10.087 5
-0.29 -0.105 8.83 5
0.275 -0.088 10.023 5
-0.219 -0.014 8.897 5
0.283 -0.181 10.082 5
-0.299 0.006 8.933 5
0.288 -0.174 9.943 5
-0.105 -0.064 8.973 5
0.23 -0.047 9.797 5
-0.203 -0.122 9.153 5
0.208 -0.068 9.953 5
0.115 -0.177 9.938 5
-0.153 -0.023 9.152 5
0.196 -0.219 9.944 5
-0.087 -0.014 9.103 5
0.043 -0.137 9.788 5
-0.072 -0.119 9.786 10
0.127 -0.182 9.324 5
0.302 -0.066 9.355 10
-0.13 -0.241 9.996 5
0.102 -0.019 9.49 5
-0.184 -0.232 9.944 5
0.266 -0.087 9.208 5
-0.355 -0.221 9.817 5
0.474 -0.181 9.555 5
-0.373 -0.073 9.722 6
0.454 -0.136 9.704 5
-0.516 -0.199 9.831 5
0.554 -0.027 9.737 5
-0.431 -0.205 9.74 5
0.32 -0.044 9.656 5
-0.484 -0.191 9.829 5
0.566 -0.123 9.842 5
-0.492 -0.191 9.981 5
0.466 -0.218 10.115 5
-0.499 -0.075 9.673 5
0.594 -0.147 10.094 5
-0.717 -0.238 9.8 5
0.432 -0.11 10.31 5
-0.394 -0.206 9.655 5
0.478 -0.067 10.157 5
-0.618 -0.147 9.561 5
0.479 -0.202 10.234 5
-0.505 -0.068 9.683 5
0.391 -0.23 10.368 5
-0.707 -0.148 9.384 5
0.676 -0.131 10.562 5
-0.675 -0.17 9.412 5
0.433 -0.207 10.491 5
-0.641 -0.167 9.301 5
0.554 -0.076 10.31 5
-0.701 -0.079 9.383 5
0.501 -0.186 10.191 5
-0.626 -0.054 9.205 5
0.618 -0.129 10.275 6
-0.888 -0.158 9.425 5
0.613 -0.122 10.405 5
-0.748 -0.112 9.139 5
0.606 -0.2 10.309 5
-0.778 -0.108 9.271 5
0.679 -0.22 10.262 5
0.476 -0.154 10.169 5
-0.737 -0.108 9.087 5
0.835 -0.117 10.42 5
-0.864 -0.171 9.035 5
0.612 -0.093 10.466 5
-0.592 -0.072 9.051 5
0.622 -0.227 10.284 5
-0.717 0.0 8.93 5
-0.495 -0.014 8.933 10
0.42 -0.136 10.292 5
-0.598 -0.11 8.928 5
0.459 -0.086 10.293 5
-0.501 -0.088 8.686 5
0.3 -0.155 10.311 5
-0.368 0.011 8.729 5
0.472 -0.206 10.242 5
-0.449 0.051 8.683 5
0.283 -0.156 9.899 5
-0.276 -0.007 8.696 5
0.38 -0.043 10.031 6
-0.46 -0.091 8.745 5
0.3 -0.102 10.184 5
-0.197 -0.062 8.76 5
0.266 -0.191 9.982 5
-0.3 0.002 8.917 5
0.365 -0.239 9.912 5
-0.159 -0.037 8.789 5
0.146 -0.12 9.816 5
-0.206 -0.081 9.09 5
0.372 -0.104 10.067 5
-0.181 -0.101 9.128 5
0.102 -0.148 10.01 5
-0.107 -0.051 8.924 5
0.306 -0.231 9.985 5
-0.123 -0.011 9.142 5
0.147 -0.225 9.936 5
0.014 -0.063 9.202 5
0.097 -0.119 9.793 5
-0.022 -0.151 9.23 5
0.051 -0.1 9.824 5
0.216 -0.048 9.302 5
-0.067 -0.194 9.905 5
0.005 0.007 9.322 5
-0.01 -0.216 9.98 5
0.132 -0.013 9.092 5
-0.117 -0.212 9.727 5
0.307 -0.126 9.443 5
-0.253 -0.112 9.803 5
0.206 -0.157 9.541 6
-0.403 -0.213 9.808 5
0.451 -0.025 9.589 5
-0.366 -0.236 9.919 5
-0.43 -0.257 9.854 5
0.557 -0.08 9.637 5
-0.565 -0.191 9.844 5
0.478 -0.22 9.828 5
-0.443 -0.123 9.653 5
0.544 -0.116 9.886 5
-0.619 -0.27 9.733 5
0.478 -0.117 10.112 5
-0.405 -0.173 9.891 5
0.447 -0.094 10.05 5
-0.567 -0.206 9.928 5
0.551 -0.156 10.073 5
-0.579 -0.117 9.885 5
0.546 -0.216 10.221 5
-0.565 -0.194 9.705 5
0.608 -0.118 10.288 5
-0.738 -0.231 9.696 5
0.426 -0.098 10.444 5
-0.507 -0.18 9.615 5
0.482 -0.125 10.368 5
-0.68 -0.107 9.649 5
0.377 -0.187 10.317 5
-0.549 -0.087 9.505 5
0.52 -0.145 10.488 6
-0.736 -0.164 9.285 5
0.65 -0.08 10.495 5
-0.685 -0.191 9.336 5
0.503 -0.118 10.38 5
-0.645 -0.126 9.083 5
0.728 -0.158 10.166 5
-0.712 -0.005 9.154 5
0.489 -0.194 10.287 5
-0.729 -0.143 9.197 5
0.766 -0.13 10.261 5
-0.867 -0.127 9.164 5
0.688 -0.111 10.301 5
-0.657 -0.099 9.078 5
0.597 -0.195 10.236 5
-0.805 -0.108 9.035 5
0.653 -0.225 10.316 5
-0.648 -0.031 9.16 5
0.508 -0.224 10.293 5
-0.761 -0.082 9.084 5
0.702 -0.106 10.422 5
-0.73 -0.15 8.967 5
0.475 -0.1 10.28 5
-0.506 -0.085 8.97 5
0.527 -0.225 10.328 5
-0.674 -0.024 8.985 5
0.453 -0.276 10.174 5
-0.362 -0.05 8.89 5
0.377 -0.087 10.279 6
0.313 -0.145 10.301 5
-0.257 -0.02 8.659 5
0.309 -0.182 10.155 5
-0.326 0.071 8.757 5
0.385 -0.212 10.031 5
-0.255 0.045 8.752 5
0.157 -0.168 9.84 5
-0.2 -0.01 8.671 5
0.457 -0.098 10.088 5
-0.325 -0.081 8.845 5
0.147 -0.135 10.057 5
-0.143 -0.036 8.795 5
0.305 -0.151 9.959 5
-0.301 -0.014 8.882 5
0.232 -0.167 9.936 5
0.025 -0.008 8.876 5
0.164 -0.099 9.813 5
-0.159 -0.15 9.429 5
0.234 -0.048 9.921 5
-0.112 -0.105 9.085 5
0.034 -0.179 9.991 5
-0.024 -0.03 9.315 5
0.243 -0.187 9.922 5
-0.13 -0.032 9.214 5
-0.068 -0.214 9.85 5
0.197 -0.058 9.441 5
-0.03 -0.123 9.683 5
-0.012 -0.149 9.569 6
-0.224 -0.201 9.873 5
0.314 -0.067 9.465 5
-0.238 -0.266 9.875 5
0.186 -0.02 9.352 5
-0.198 -0.185 9.81 5
0.296 -0.063 9.403 5
-0.388 -0.141 9.84 5
0.429 -0.174 9.592 5
-0.4 -0.152 9.735 5
0.385 -0.113 9.737 5
-0.589 -0.248 9.899 5
0.547 -0.117 9.817 5
-0.422 -0.174 9.744 5
0.345 -0.054 9.761 5
-0.438 -0.231 9.95 5
0.466 -0.13 9.708 5
-0.497 -0.113 9.836 5
0.537 -0.205 10.141 5
-0.511 -0.105 9.628 5
0.641 -0.135 10.11 5
-0.692 -0.25 9.808 5
0.451 -0.097 10.337 5
-0.443 -0.195 9.624 5
0.438 -0.114 10.244 5
0.439 -0.199 10.25 5
-0.47 -0.064 9.644 5
0.453 -0.175 10.449 6
-0.594 -0.148 9.483 5
0.67 -0.061 10.384 5
-0.742 -0.185 9.49 5
0.46 -0.143 10.354 5
-0.513 -0.108 9.304 5
0.634 -0.152 10.254 5
-0.743 -0.092 9.56 5
0.516 -0.233 10.259 5
-0.599 -0.088 9.158 5
0.576 -0.141 10.343 5
-0.861 -0.182 9.284 5
0.639 -0.089 10.349 5
-0.661 -0.139 9.224 5
0.61 -0.158 10.341 5
-0.769 -0.105 9.148 5
0.653 -0.163 10.238 5
-0.693 0.016 9.222 5
0.607 -0.192 10.273 5
-0.735 -0.152 9.266 5
0.762 -0.118 10.405 5
-0.803 -0.141 9.209 5
0.641 -0.156 10.241 5
-0.544 -0.077 8.948 5
0.596 -0.193 10.32 5
-0.801 -0.055 9.14 5
0.503 -0.193 10.196 5
-0.453 0.004 8.898 5
0.481 -0.177 10.206 5
-0.585 -0.095 8.984 6
0.481 -0.129 10.436 5
-0.495 -0.092 8.829 5
0.293 -0.144 10.211 5
-0.375 -0.06 8.721 5
0.457 -0.195 10.234 5
-0.479 0.046 8.71 5
0.255 -0.185 9.99 5
-0.293 -0.072 8.82 5
0.368 -0.132 10.094 5
-0.484 -0.073 8.696 5
0.32 -0.113 10.084 5
-0.186 -0.031 8.748 5
0.293 -0.186 9.961 5
-0.315 0.02 8.853 5
0.333 -0.216 9.912 5
-0.165 -0.017 8.832 5
0.203 -0.148 9.81 5
-0.197 -0.132 9.095 5
0.176 -0.163 9.948 15
0.341 -0.225 9.947 5
-0.19 -0.025 9.31 5
0.131 -0.212 9.833 5
0.046 -0.044 9.183 5
0.056 -0.127 9.896 5
-0.043 -0.169 9.378 5
0.007 -0.136 9.891 5
0.132 0.007 9.435 6
-0.031 -0.241 10.022 5
0.041 0.024 9.328 5
0.083 -0.177 9.954 5
0.127 -0.018 9.149 5
-0.201 -0.181 9.818 5
0.366 -0.129 9.461 5
-0.276 -0.122 9.755 5
0.31 -0.227 9.572 5
-0.448 -0.122 9.824 5
0.406 -0.083 9.44 5
-0.253 -0.183 9.924 5
0.318 -0.027 9.571 5
-0.443 -0.249 9.76 5
0.518 -0.091 9.502 5
-0.5 -0.15 9.842 5
0.583 -0.213 9.936 5
-0.431 -0.102 9.621 5
0.533 -0.157 9.867 5
-0.622 -0.273 9.735 5
0.552 -0.112 10.174 5
-0.53 -0.202 9.652 5
0.375 -0.095 9.99 5
-0.614 -0.181 9.967 5
0.491 -0.143 10.08 5
-0.465 -0.095 9.716 5
0.493 -0.142 10.256 5
-0.591 -0.132 9.487 5
0.566 -0.104 10.354 6
-0.695 -0.264 9.756 5
0.393 -0.192 10.511 5
-0.53 -0.141 9.704 5
0.545 -0.081 10.209 5
-0.623 -0.093 9.449 5
0.434 -0.235 10.285 5
-0.542 -0.129 9.623 5
0.554 -0.123 10.395 5
-0.742 -0.206 9.467 5
0.688 -0.07 10.559 5
-0.639 -0.133 9.287 5
0.444 -0.176 10.459 5
-0.75 -0.149 9.196 5
0.684 -0.145 10.343 5
-0.778 -0.024 9.358 5
0.547 -0.199 10.254 5
0.756 -0.125 10.361 5
-0.932 -0.174 9.301 5
0.616 -0.158 10.397 5
-0.692 -0.087 9.142 5
0.577 -0.173 10.375 5
-0.857 -0.077 9.149 5
0.581 -0.256 10.388 5
-0.647 -0.063 9.12 5
0.537 -0.151 10.341 5
-0.738 -0.092 9.014 5
0.656 -0.089 10.428 5
-0.676 -0.105 9.072 6
0.403 -0.194 10.232 5
-0.523 -0.044 8.911 5
0.426 -0.208 10.323 5
-0.585 0.02 8.959 5
0.312 -0.25 10.201 5
-0.297 -0.044 8.851 5
0.377 -0.114 10.373 5
-0.566 -0.081 8.721 5
0.353 -0.136 10.102 5
-0.284 -0.044 8.742 5
0.282 -0.18 9.937 5
-0.343 0.022 8.679 5
0.385 -0.208 10.103 5
-0.199 0.031 8.78 5
0.146 -0.101 9.906 5
-0.224 -0.082 8.738 5
0.389 -0.037 9.953 5
-0.229 -0.152 8.817 5
0.269 -0.138 9.952 5
-0.19 0.007 8.927 5
0.364 -0.162 10.013 5
-0.315 -0.03 9.049 5
0.219 -0.117 9.881 5
-0.094 0.044 9.033 5
0.136 -0.147 9.754 5
-0.148 -0.098 9.293 5
0.22 -0.069 9.847 5
0.014 -0.087 9.158 6
0.002 -0.229 10.061 5
-0.062 -0.056 9.202 5
0.222 -0.141 10.066 5
-0.029 -0.029 9.146 5
-0.091 -0.21 9.777 5
0.159 -0.055 9.322 5
-0.034 -0.138 9.813 5
0.065 -0.135 9.364 5
-0.192 -0.139 9.841 5
0.358 -0.03 9.237 5
-0.141 -0.169 9.808 5
0.249 -0.047 9.455 5
0.418 -0.051 9.235 5
-0.407 -0.192 9.811 5
0.406 -0.157 9.708 5
-0.353 -0.08 9.825 5
0.468 -0.143 9.627 5
-0.53 -0.16 9.748 5
0.606 -0.111 9.819 5
-0.351 -0.271 9.863 5
0.319 -0.061 9.779 5
-0.494 -0.167 9.948 5
0.568 -0.236 9.841 5
-0.518 -0.083 9.86 5
0.506 -0.236 10.148 5
-0.52 -0.125 9.63 5
0.594 -0.152 10.147 5
-0.689 -0.252 9.86 5
0.441 -0.151 10.413 6
-0.437 -0.194 9.669 5
0.389 -0.132 10.168 5
-0.626 -0.18 9.684 5
0.487 -0.216 10.181 5
-0.481 -0.116 9.717 5
0.428 -0.211 10.411 5
-0.616 -0.199 9.579 5
0.627 -0.092 10.587 5
-0.637 -0.202 9.409 5
0.403 -0.139 10.369 5
-0.639 -0.104 9.571 5
0.622 -0.161 10.282 5
-0.768 -0.151 9.51 5
0.449 -0.207 10.438 5
-0.631 -0.113 9.328 5
0.6 -0.125 10.311 5
-0.926 -0.149 9.433 5
0.733 -0.168 10.46 5
-0.711 -0.123 9.153 5
0.568 -0.21 10.24 5
-0.781 -0.076 9.224 5
0.702 -0.224 10.217 5
-0.751 -0.014 9.324 5
0.56 -0.157 10.393 5
-0.705 -0.167 9.193 5
0.719 -0.092 10.418 5
-0.822 -0.124 9.217 5
0.569 -0.151 10.353 5
-0.513 -0.074 9.018 6
0.562 -0.229 10.337 5
-0.726 -0.043 9.07 5
0.449 -0.211 10.231 5
-0.379 0.013 8.898 5
0.409 -0.131 10.21 5
-0.58 -0.082 9.002 5
-0.484 -0.104 8.692 5
0.282 -0.168 10.162 5
-0.36 0.026 8.801 5
0.41 -0.194 10.216 5
-0.375 0.044 8.772 5
0.275 -0.189 9.975 5
-0.322 -0.066 8.607 5
0.335 -0.095 10.071 5
-0.401 -0.1 8.724 5
0.258 -0.1 10.087 5
-0.253 -0.049 8.784 5
0.287 -0.161 9.867 5
-0.326 0.054 8.811 5
0.396 -0.208 9.927 5
-0.092 -0.031 8.809 5
0.165 -0.214 9.674 5
-0.168 -0.063 9.084 5
0.369 -0.08 9.88 5
-0.215 -0.095 8.993 5
0.209 -0.158 9.917 5
-0.15 -0.05 9.116 6
0.222 -0.201 9.941 5
-0.125 -0.019 9.133 5
0.133 -0.198 9.773 5
0.037 -0.048 9.171 5
0.025 -0.098 9.825 5
-0.013 -0.149 9.42 5
0.026 -0.147 9.955 5
0.162 -0.016 9.139 5
-0.093 -0.199 9.838 5
0.056 0.004 9.265 5
-0.047 -0.169 9.906 5
0.283 -0.036 9.21 5
-0.294 -0.13 9.755 5
0.344 -0.102 9.509 5
-0.234 -0.105 9.727 5
0.335 -0.148 9.477 5
-0.469 -0.2 9.833 5
0.535 0.001 9.589 5
-0.331 -0.227 9.886 5
0.338 -0.038 9.611 5
-0.418 -0.18 9.986 5
0.485 -0.08 9.47 5
-0.52 -0.162 9.946 5
0.564 -0.17 9.905 5
-0.45 -0.158 9.59 5
0.533 -0.082 9.908 5
-0.545 -0.266 9.788 5
0.463 -0.164 10.148 6
-0.422 -0.174 9.853 5
0.46 -0.058 9.965 5
-0.592 -0.177 9.747 5
-0.46 -0.119 9.785 5
0.368 -0.186 10.262 5
-0.565 -0.17 9.683 5
0.596 -0.087 10.376 5
-0.676 -0.249 9.728 5
0.414 -0.17 10.41 5
-0.506 -0.179 9.531 5
0.506 -0.198 10.351 5
-0.745 -0.099 9.662 5
0.482 -0.205 10.319 5
-0.515 -0.068 9.368 5
0.55 -0.135 10.448 5
-0.801 -0.257 9.529 5
0.665 -0.125 10.481 5
-0.774 -0.183 9.367 5
0.563 -0.157 10.31 5
-0.753 -0.144 9.297 5
0.657 -0.2 10.251 5
-0.679 -0.006 9.403 5
0.472 -0.201 10.226 5
-0.725 -0.131 9.311 5
0.671 -0.147 10.36 5
-0.918 -0.186 9.331 5
0.575 -0.143 10.562 5
-0.667 -0.099 9.208 5
0.608 -0.192 10.284 6
-0.78 -0.111 9.117 5
0.559 -0.225 10.29 5
-0.473 -0.02 9.152 5
0.462 -0.163 10.259 5
-0.681 -0.088 8.968 5
0.597 -0.125 10.397 5
-0.56 -0.098 8.888 5
0.334 -0.129 10.237 5
-0.432 -0.102 8.888 5
0.468 -0.27 10.294 5
-0.486 -0.082 8.985 5
0.312 -0.17 10.041 5
-0.299 0.004 8.823 5
0.421 -0.088 10.079 5
-0.479 -0.075 8.721 5
0.302 -0.102 10.161 5
-0.275 -0.019 8.734 5
0.244 -0.15 9.946 5
-0.407 -0.012 8.757 5
0.37 -0.181 9.975 5
-0.259 0.008 8.808 5
0.23 -0.162 9.824 5
-0.206 -0.076 8.915 5
0.328 -0.101 10.037 5
-0.192 -0.142 8.804 5
0.209 -0.114 9.881 5
0.319 -0.155 9.892 5
-0.225 -0.039 9.079 6
0.235 -0.179 9.91 5
0.014 0.039 8.967 5
0.13 -0.127 9.748 5
-0.087 -0.141 9.236 5
0.074 -0.119 9.858 5
0.091 -0.011 9.064 5
0.084 -0.161 9.915 5
-0.094 -0.007 9.133 5
0.128 -0.194 10.005 5
0.028 0.006 9.027 5
-0.181 -0.191 9.655 5
0.268 -0.136 9.46 5
-0.125 -0.058 9.81 5
0.195 -0.135 9.429 5
-0.296 -0.2 9.808 5
0.435 -0.051 9.484 5
-0.237 -0.225 9.905 5
0.257 -0.03 9.435 5
-0.304 -0.229 9.828 5
0.451 -0.081 9.27 5
-0.468 -0.177 9.924 5
0.479 -0.124 9.85 5
-0.405 -0.086 9.689 5
0.44 -0.123 9.849 5
-0.578 -0.3 9.903 5
0.499 -0.081 9.891 5
-0.42 -0.216 9.886 5
0.364 -0.094 9.944 5
-0.63 -0.225 9.796 5
0.534 -0.163 9.913 6
-0.488 -0.091 9.946 5
0.435 -0.237 10.31 5
-0.487 -0.151 9.622 5
0.554 -0.086 10.33 5
-0.591 -0.252 9.641 5
0.418 -0.123 10.491 5
-0.434 -0.205 9.641 5
0.465 -0.075 10.178 5
-0.719 -0.045 9.716 5
0.444 -0.263 10.324 5
-0.425 -0.118 9.345 5
0.475 -0.129 10.255 5
-0.684 -0.175 9.461 5
0.656 -0.125 10.455 5
-0.661 -0.168 9.423 5
0.485 -0.156 10.443 5
-0.667 -0.119 9.195 5
-0.71 -0.037 9.465 10
0.493 -0.17 10.172 5
-0.9 -0.183 9.179 10
0.723 -0.166 10.401 5
-0.67 -0.147 9.23 5
0.57 -0.174 10.411 5
-0.804 -0.108 9.147 6
0.634 -0.162 10.284 5
-0.674 -0.038 9.141 5
0.494 -0.164 10.143 5
-0.707 -0.098 9.191 5
0.681 -0.15 10.35 5
-0.772 -0.087 9.199 5
0.388 -0.195 10.294 5
-0.506 -0.033 8.773 5
0.497 -0.198 10.385 5
-0.623 -0.049 8.971 5
0.327 -0.204 10.255 5
-0.44 0.012 8.953 5
0.377 -0.12 10.203 5
-0.532 -0.093 8.764 5
0.338 -0.132 10.338 5
-0.356 -0.035 8.767 5
0.26 -0.198 10.08 5
-0.367 -0.014 8.774 5
0.408 -0.199 10.125 5
-0.297 0.037 8.672 5
0.195 -0.122 9.88 5
-0.269 -0.069 8.611 5
0.45 -0.077 10.046 5
-0.324 -0.062 8.809 5
0.244 -0.154 9.938 5
-0.123 -0.004 8.783 5
0.308 -0.168 9.95 5
-0.321 0.004 8.855 5
0.232 -0.256 9.783 6
-0.053 0.041 8.77 5
0.199 -0.173 9.669 5
-0.2 -0.111 9.037 5
0.24 -0.08 9.85 5
-0.043 -0.085 9.004 5
0.066 -0.183 9.86 5
-0.125 0.006 8.997 5
0.313 -0.238 9.879 5
-0.091 -0.036 9.053 5
-0.022 -0.125 9.721 5
0.138 -0.018 9.321 5
0.065 -0.112 9.86 5
0.034 -0.176 9.311 5
-0.184 -0.151 9.803 5
0.269 -0.061 9.301 5
-0.11 -0.141 9.892 5
0.147 0.0 9.409 5
0.283 -0.008 9.218 5
-0.404 -0.186 9.873 5
0.562 -0.136 9.743 5
-0.298 -0.127 9.772 5
0.399 -0.083 9.493 5
-0.513 -0.229 9.755 5
0.55 -0.079 9.569 5
-0.361 -0.195 9.9 5
0.353 -0.11 9.721 5
-0.43 -0.199 9.697 6
0.532 -0.072 9.589 5
-0.43 -0.12 9.944 5
0.47 -0.244 10.06 5
-0.499 -0.11 9.608 5
0.588 -0.141 9.979 5
-0.713 -0.239 9.875 5
0.483 -0.098 10.288 5
-0.368 -0.198 9.793 5
0.429 -0.1 10.123 5
-0.589 -0.196 9.846 5
0.452 -0.235 10.279 5
-0.567 -0.137 9.806 5
0.391 -0.219 10.434 5
-0.629 -0.152 9.5 5
0.625 -0.171 10.393 5
-0.689 -0.239 9.759 5
0.428 -0.181 10.494 5
-0.589 -0.196 9.39 5
0.569 -0.152 10.419 5
-0.709 -0.082 9.522 5
0.451 -0.236 10.42 5
-0.634 -0.094 9.387 5
0.685 -0.116 10.329 5
-0.87 -0.199 9.367 5
0.591 -0.15 10.505 5
-0.707 -0.113 9.203 5
0.552 -0.174 10.292 5
-0.826 -0.136 9.251 5
0.697 -0.193 10.205 6
-0.628 -0.033 9.253 5
0.494 -0.191 10.273 5
-0.782 -0.116 9.133 5
0.703 -0.179 10.426 5
-0.817 -0.189 9.475 5
0.564 -0.166 10.465 5
-0.637 -0.083 9.042 5
0.556 -0.238 10.45 5
-0.786 -0.086 9.212 5
0.497 -0.277 10.216 5
-0.451 0.006 9.142 5
0.457 -0.158 10.372 5
-0.63 -0.098 8.966 5
-0.407 -0.077 8.877 5
0.29 -0.186 10.232 5
-0.469 0.019 8.83 5
0.412 -0.201 10.26 5
-0.418 0.025 8.692 5
0.247 -0.204 9.904 5
-0.331 -0.026 8.891 5
0.4 -0.085 10.1 5
-0.363 -0.029 8.715 5
0.284 -0.095 9.985 5
-0.215 -0.039 8.644 5
0.408 -0.144 9.95 5
-0.317 0.075 8.889 5
0.327 -0.2 9.898 5
-0.193 0.026 8.735 6
0.26 -0.156 9.747 5
-0.274 -0.075 9.001 5
0.346 -0.076 9.862 5
-0.129 -0.067 8.948 5
0.253 -0.163 9.846 5
-0.106 -0.056 9.022 5
0.308 -0.181 9.936 5
-0.18 0.025 9.046 5
0.202 -0.191 9.833 5
0.022 0.014 9.14 5
0.096 -0.126 9.85 5
-0.023 -0.129 9.271 5
-0.043 -0.122 9.785 5
0.13 -0.081 9.058 5
-0.061 -0.175 9.892 5
0.057 -0.049 9.271 5
0.059 -0.225 10.078 5
0.183 0.027 9.061 5
-0.232 -0.092 9.686 5
0.346 -0.083 9.343 5
-0.185 -0.001 9.772 5
0.275 -0.122 9.485 5
-0.454 -0.162 9.834 5
0.482 -0.03 9.39 5
-0.263 -0.198 9.802 5
0.288 -0.072 9.436 5
-0.298 -0.208 9.836 5
0.46 -0.052 9.466 5
-0.4 -0.18 9.957 6
0.413 -0.233 9.872 5
-0.46 -0.133 9.628 5
0.552 -0.148 9.811 5
-0.534 -0.198 9.871 5
0.488 -0.041 10.061 5
-0.385 -0.205 9.712 5
0.403 -0.111 9.922 5
-0.487 -0.16 9.831 5
-0.387 -0.125 9.698 5
0.407 -0.206 10.301 5
-0.543 -0.17 9.659 5
0.572 -0.066 10.341 5
-0.673 -0.217 9.768 5
0.403 -0.162 10.357 5
-0.559 -0.15 9.603 5
0.472 -0.163 10.197 5
-0.664 -0.122 9.621 5
0.375 -0.182 10.317 5
-0.604 -0.064 9.605 5
0.533 -0.081 10.38 5
-0.794 -0.175 9.548 5
0.685 -0.098 10.412 5
-0.705 -0.116 9.399 5
0.488 -0.092 10.332 5
-0.753 -0.171 9.499 5
0.653 -0.152 10.222 6
-0.791 -0.051 9.521 4
0.576 -0.277 10.443 6
-0.799 -0.088 9.247 5
0.704 -0.123 10.526 5
-0.88 -0.179 9.621 5
0.621 -0.16 10.628 5
-0.667 -0.152 9.097 5
0.597 -0.164 10.334 5
-0.769 -0.052 9.314 5
0.606 -0.227 10.292 5
-0.604 -0.03 9.193 5
0.496 -0.225 10.399 5
-0.791 -0.119 8.985 5
0.482 -0.157 10.569 5
-0.598 -0.122 9.035 5
0.333 -0.212 10.38 5
-0.498 -0.088 8.826 5
0.528 -0.207 10.344 5
-0.504 -0.025 8.82 5
0.351 -0.238 10.072 5
-0.379 -0.019 8.804 5
0.396 -0.118 10.306 5
-0.585 -0.041 8.871 5
0.245 -0.144 10.172 5
-0.298 -0.051 8.703 5
0.377 -0.183 9.972 5
-0.472 0.032 8.797 5
0.344 -0.202 9.985 5
-0.29 0.038 8.753 5
0.232 -0.145 9.769 6
-0.332 -0.03 8.917 5
0.36 -0.129 10.043 5
-0.241 -0.037 8.822 5
0.207 -0.158 9.943 5
0.421 -0.195 9.943 5
-0.371 0.098 9.04 5
0.285 -0.227 9.862 5
-0.096 0.0 8.989 5
0.255 -0.135 9.848 5
-0.282 -0.139 9.14 5
0.186 -0.145 9.942 5
-0.021 -0.11 9.068 5
0.078 -0.131 9.885 5
-0.018 -0.004 9.167 5
0.184 -0.163 9.974 5
0.022 0.023 8.889 5
0.016 -0.154 9.653 6
0.18 -0.044 9.21 5
-0.065 -0.106 9.831 5
0.143 -0.216 9.324 5
-0.304 -0.127 9.788 5
0.429 -0.054 9.198 5
-0.063 -0.201 9.906 5
0.235 -0.027 9.318 5
-0.255 -0.239 9.861 5
0.409 -0.052 9.074 5
-0.386 -0.147 9.685 5
0.469 -0.1 9.552 5
-0.261 -0.064 9.625 5
0.459 -0.145 9.664 5
-0.538 -0.218 9.797 5
0.488 -0.058 9.773 5
-0.388 -0.194 9.755 5
0.396 -0.073 9.592 5
-0.434 -0.191 9.879 5
0.487 -0.094 9.909 5
-0.398 -0.111 9.944 5
0.502 -0.217 10.25 5
-0.42 -0.124 9.614 5
0.527 -0.083 10.224 5
-0.561 -0.273 10.042 5
0.454 -0.12 10.35 5
-0.448 -0.196 9.573 5
0.444 -0.105 10.136 5
-0.561 -0.181 9.771 6
0.403 -0.246 10.21 5
-0.462 -0.119 9.772 5
0.45 -0.167 10.384 5
-0.725 -0.183 9.495 5
0.664 -0.083 10.426 5
-0.678 -0.182 9.398 5
0.47 -0.126 10.376 5
-0.656 -0.139 9.35 5
0.623 -0.119 10.16 5
-0.709 -0.095 9.449 5
0.551 -0.221 10.271 5
0.673 -0.149 10.404 5
-0.969 -0.201 9.552 5
0.708 -0.176 10.503 5
-0.706 -0.158 9.21 5
0.572 -0.173 10.253 5
-0.81 -0.106 9.268 5
0.633 -0.152 10.323 5
-0.679 -0.037 9.424 5
0.52 -0.191 10.3 5
-0.8 -0.1 9.129 5
0.648 -0.158 10.468 5
-0.717 -0.135 9.373 5
0.506 -0.176 10.479 5
-0.607 -0.073 8.968 5
0.515 -0.182 10.343 5
-0.667 -0.062 9.133 5
0.406 -0.216 10.268 6
-0.465 -0.055 8.841 5
0.441 -0.183 10.336 5
-0.631 -0.1 9.099 5
0.366 -0.093 10.297 5
-0.409 -0.064 8.715 5
0.325 -0.152 10.084 5
-0.399 -0.004 8.779 5
0.424 -0.179 10.297 5
-0.431 -0.01 8.863 5
0.272 -0.198 9.908 5
-0.359 -0.066 8.715 5
0.408 -0.099 10.134 5
-0.415 -0.037 8.797 5
0.2 -0.154 10.023 5
-0.263 -0.045 8.815 5
0.397 -0.104 9.95 5
-0.445 -0.031 8.874 5
0.344 -0.191 9.988 5
-0.205 0.014 8.871 5
0.268 -0.176 9.771 5
-0.313 -0.087 9.007 5
0.337 -0.051 9.877 5
-0.096 -0.131 8.978 5
0.126 -0.164 9.936 5
-0.163 -0.052 9.048 5
0.3 -0.208 9.942 5
-0.13 0.045 8.989 5
0.127 -0.143 9.722 5
0.106 -0.05 9.108 6
0.114 -0.155 9.949 5
-0.086 -0.155 9.286 5
-0.024 -0.168 10.018 5
0.285 -0.067 9.124 5
-0.08 -0.156 9.912 5
0.038 -0.038 9.212 5
0.3 -0.05 9.054 5
-0.299 -0.185 9.747 5
0.344 -0.081 9.392 5
-0.165 -0.042 9.831 5
0.352 -0.162 9.561 5
-0.437 -0.182 9.71 5
0.494 -0.049 9.533 5
-0.187 -0.212 9.961 5
0.276 -0.075 9.467 5
-0.429 -0.208 9.813 5
0.547 -0.061 9.696 5
-0.429 -0.127 9.919 5
0.429 -0.243 9.853 5
-0.384 -0.143 9.79 5
0.559 -0.176 9.884 5
-0.584 -0.235 9.703 5
0.389 -0.111 10.249 5
-0.361 -0.248 9.781 5
0.335 -0.027 10.046 5
-0.57 -0.131 9.903 5
0.418 -0.175 10.111 5
-0.45 -0.085 9.917 6
0.446 -0.223 10.341 5
-0.6 -0.186 9.449 5
0.652 -0.022 10.253 5
-0.648 -0.206 9.629 5
0.447 -0.133 10.309 5
-0.507 -0.186 9.461 5
0.513 -0.082 10.26 5
-0.7 -0.141 9.485 5
0.516 -0.147 10.28 5
-0.547 -0.06 9.506 5
0.631 -0.183 10.254 5
-0.924 -0.221 9.689 5
0.701 -0.137 10.542 5
-0.704 -0.155 9.176 5
0.627 -0.147 10.268 5
-0.766 -0.106 9.417 5
0.696 -0.11 10.236 5
-0.775 -0.056 9.427 5
0.594 -0.236 10.285 5
-0.741 -0.095 9.114 5
0.722 -0.193 10.442 5
-0.885 -0.157 9.605 5
0.596 -0.186 10.438 5
-0.654 -0.182 9.145 5
0.604 -0.196 10.386 5
-0.725 -0.102 9.253 5
0.501 -0.221 10.299 5
-0.531 -0.062 9.143 6
0.513 -0.177 10.273 5
0.489 -0.091 10.448 5
-0.54 -0.132 8.926 5
0.313 -0.116 10.303 5
-0.467 -0.116 8.839 5
0.445 -0.177 10.296 5
-0.498 0.005 8.868 5
0.294 -0.199 9.963 5
-0.315 -0.024 8.838 5
0.431 -0.098 10.219 5
-0.518 -0.101 8.89 5
0.302 -0.105 10.06 5
-0.274 -0.108 8.707 5
0.389 -0.098 10.084 5
-0.359 0.027 8.873 5
0.363 -0.183 10.073 5
-0.259 0.086 8.768 5
0.238 -0.196 9.665 5
-0.304 -0.055 8.955 5
0.385 -0.06 9.932 5
-0.237 -0.127 8.917 5
0.271 -0.125 9.843 5
-0.268 -0.03 8.958 5
0.388 -0.158 10.023 5
-0.28 0.006 9.024 5
0.113 -0.187 9.793 5
-0.032 0.06 9.142 5
0.201 -0.125 9.867 6
-0.086 -0.131 9.201 5
0.099 -0.161 9.898 5
0.074 -0.07 9.003 5
0.144 -0.087 9.823 5
-0.056 0.027 9.248 5
0.063 -0.225 10.007 5
0.149 0.027 8.859 5
-0.125 -0.181 9.572 5
0.245 -0.145 9.299 5
-0.015 -0.095 9.867 5
0.227 -0.131 9.381 5
-0.342 -0.204 9.812 5
0.475 -0.054 9.236 5
-0.122 -0.158 9.831 5
0.216 -0.036 9.371 5
-0.274 -0.213 9.834 5
0.443 -0.054 9.343 5
-0.276 -0.107 9.931 5
0.407 -0.183 9.605 5
-0.312 -0.073 9.715 5
0.506 -0.132 9.749 5
-0.619 -0.174 9.755 5
0.459 -0.135 9.996 5
-0.325 -0.221 9.817 5
0.363 -0.072 9.89 5
0.414 -0.148 10.023 5
-0.362 -0.108 9.811 5
0.403 -0.191 10.237 6
-0.544 -0.152 9.529 5
0.564 -0.111 10.273 5
-0.605 -0.245 9.932 5
0.366 -0.157 10.39 5
-0.507 -0.156 9.586 5
0.424 -0.143 10.26 5
-0.629 -0.116 9.691 5
0.428 -0.17 10.153 5
-0.475 -0.088 9.674 5
0.539 -0.241 10.363 5
-0.816 -0.212 9.636 5
0.675 -0.072 10.491 5
-0.716 -0.201 9.366 5
0.521 -0.174 10.323 5
-0.722 -0.118 9.583 5
0.681 -0.217 10.281 5
-0.703 -0.036 9.406 5
0.559 -0.268 10.273 5
-0.741 -0.105 9.221 5
0.676 -0.148 10.216 5
-0.901 -0.148 9.729 5
0.627 -0.162 10.424 5
-0.717 -0.213 9.185 5
0.608 -0.148 10.456 5
-0.813 -0.081 9.22 5
0.585 -0.207 10.304 5
-0.611 0.0 9.408 5
0.414 -0.221 10.418 5
-0.726 -0.135 9.211 6
0.56 -0.144 10.518 5
-0.684 -0.132 9.033 5
0.399 -0.11 10.447 5
-0.555 -0.074 8.987 5
0.469 -0.167 10.367 5
-0.642 -0.025 8.951 5
0.312 -0.232 10.287 5
-0.41 0.012 8.916 5
0.419 -0.116 10.191 5
-0.542 -0.081 8.873 5
0.34 -0.105 10.207 5
-0.38 0.007 8.649 5
0.328 -0.107 9.953 5
-0.423 0.018 8.779 5
0.39 -0.154 10.098 5
-0.382 0.008 8.698 5
0.31 -0.173 9.687 5
-0.286 -0.022 8.846 5
0.407 -0.114 10.099 5
-0.346 -0.062 8.792 5
-0.278 -0.062 8.97 5
0.489 -0.175 10.072 5
-0.38 0.039 8.941 5
0.295 -0.199 9.808 5
-0.19 0.075 9.005 5
0.187 -0.092 9.871 5
-0.192 -0.079 9.053 6
0.301 -0.058 9.796 5
-0.025 -0.063 9.039 5
0.102 -0.127 9.923 5
-0.032 -0.004 9.091 5
0.177 -0.227 9.913 5
0.021 0.014 8.951 5
0.055 -0.151 9.612 5
0.169 -0.06 9.19 5
-0.013 -0.113 9.74 5
0.052 -0.147 9.201 5
-0.19 -0.149 9.729 5
0.31 -0.079 9.111 5
-0.094 -0.171 9.785 5
0.18 -0.079 9.27 5
-0.184 -0.212 9.809 5
0.324 -0.077 9.123 5
-0.272 -0.137 9.76 5
0.321 -0.188 9.458 5
-0.222 -0.091 9.859 5
0.419 -0.038 9.635 5
-0.472 -0.22 9.949 5
0.445 -0.086 9.821 5
-0.259 -0.206 9.868 5
0.332 -0.007 9.781 5
-0.455 -0.246 9.85 5
0.444 -0.142 9.817 5
-0.373 -0.143 9.873 5
0.424 -0.229 10.116 5
-0.518 -0.157 9.599 6
0.602 -0.08 10.065 5
-0.56 -0.231 9.853 5
0.439 -0.106 10.366 5
-0.38 -0.199 9.558 5
0.453 -0.075 10.098 5
-0.572 -0.206 9.659 5
0.364 -0.158 10.159 5
-0.398 -0.1 9.806 5
0.446 -0.191 10.279 5
-0.676 -0.152 9.577 5
0.668 -0.124 10.336 5
-0.612 -0.214 9.641 5
0.452 -0.093 10.432 5
-0.674 -0.111 9.353 5
0.664 -0.13 10.212 5
0.547 -0.226 10.248 5
-0.637 -0.102 9.505 5
0.619 -0.223 10.305 5
-0.936 -0.186 9.544 5
0.687 -0.176 10.512 5
-0.747 -0.155 9.473 5
0.64 -0.149 10.415 5
-0.838 -0.191 9.301 5
0.681 -0.188 10.31 5
-0.684 -0.072 9.361 5
0.495 -0.22 10.254 5
-0.819 -0.07 9.265 5
0.69 -0.149 10.374 6
-0.786 -0.138 9.483 5
0.532 -0.147 10.393 5
-0.645 -0.089 8.965 5
0.522 -0.199 10.441 5
-0.695 -0.058 9.183 5
0.471 -0.212 10.273 5
-0.532 0.002 9.227 5
0.451 -0.127 10.329 5
-0.661 -0.043 9.103 5
0.384 -0.132 10.417 5
-0.404 -0.089 8.92 5
0.293 -0.141 10.301 5
-0.448 -0.05 8.899 5
0.425 -0.154 10.313 5
-0.516 -0.012 8.716 5
0.295 -0.252 10.047 5
-0.361 -0.101 8.885 5
0.452 -0.082 10.012 5
-0.392 -0.13 8.757 5
0.302 -0.132 9.978 5
-0.26 -0.061 8.708 5
0.396 -0.162 9.871 5
-0.44 -0.026 8.763 5
0.39 -0.237 9.999 5
-0.24 0.069 8.908 5
0.288 -0.124 9.746 5
-0.31 -0.087 9.08 5
0.363 -0.024 9.894 6
-0.224 -0.141 8.958 5
0.234 -0.127 9.896 5
-0.211 -0.043 9.066 5
0.396 -0.198 10.056 5
-0.218 0.046 9.012 5
0.15 -0.169 9.693 5
-0.035 -0.005 9.043 5
0.161 -0.151 9.829 5
-0.063 -0.142 9.249 5
0.02 -0.126 9.846 5
0.244 -0.06 8.957 5
0.058 0.041 9.271 5
-0.01 -0.231 9.991 5
0.222 0.018 8.911 5
-0.157 -0.186 9.742 5
0.37 -0.087 9.309 5
-0.121 -0.067 9.767 5
0.35 -0.095 9.22 5
-0.382 -0.18 9.766 5
0.508 -0.074 9.418 5
-0.279 -0.214 9.827 5
0.262 -0.014 9.37 5
-0.3 -0.201 9.793 5
0.425 -0.042 9.524 5
-0.34 -0.111 9.908 5
0.382 -0.193 9.898 5
-0.354 -0.049 9.658 5
0.516 -0.154 9.868 6
-0.493 -0.158 9.831 5
0.42 -0.138 10.117 5
-0.359 -0.225 9.879 5
0.351 -0.024 10.032 5
-0.49 -0.238 9.716 5
0.344 -0.186 9.942 5
-0.376 -0.132 9.917 5
0.376 -0.181 10.192 5
-0.584 -0.174 9.577 5
0.604 -0.123 10.357 5
-0.691 -0.216 9.788 5
0.437 -0.116 10.442 5
-0.55 -0.175 9.597 5
0.51 -0.07 10.213 5
-0.669 -0.166 9.71 5
0.459 -0.214 10.178 5
-0.598 -0.061 9.678 5
0.597 -0.198 10.265 5
-0.861 -0.182 9.793 5
0.728 -0.126 10.454 5
-0.779 -0.157 9.251 5
0.623 -0.145 10.451 5
-0.855 -0.189 9.422 5
0.762 -0.192 10.379 5
-0.655 -0.086 9.773 5
0.531 -0.206 10.493 5
-0.842 -0.101 9.467 5
0.688 -0.156 10.487 6
-0.791 -0.196 9.484 5
0.582 -0.194 10.367 5
-0.686 -0.154 9.223 5
0.615 -0.177 10.348 5
-0.8 -0.087 9.211 5
0.479 -0.266 10.347 5
-0.475 -0.007 9.266 5
-0.697 -0.108 9.143 5
0.519 -0.13 10.42 5
-0.554 -0.144 8.97 5
0.33 -0.135 10.405 5
-0.5 -0.066 9.017 5
0.532 -0.23 10.324 5
-0.566 0.029 8.93 5
0.305 -0.191 10.138 5
-0.392 -0.025 8.873 5
0.368 -0.175 9.998 5
-0.522 -0.076 8.782 5
0.32 -0.086 10.179 5
-0.273 -0.092 8.808 5
0.357 -0.061 10.071 5
-0.478 -0.055 8.889 5
0.358 -0.18 10.057 5
-0.281 0.062 8.767 5
0.316 -0.213 9.725 5
-0.332 -0.058 8.91 5
0.451 -0.038 10.066 5
-0.317 -0.155 8.758 5
0.234 -0.142 9.974 6
-0.301 -0.043 8.949 5
0.437 -0.176 10.043 5
-0.313 -0.013 8.983 5
0.313 -0.137 9.765 5
-0.178 0.019 8.99 5
0.247 -0.117 9.769 5
-0.196 -0.143 9.117 5
0.249 -0.099 9.896 5
0.028 -0.102 8.965 5
0.034 -0.132 9.936 5
-0.055 -0.011 9.01 5
0.2 -0.15 10.041 5
0.007 0.027 9.079 5
-0.054 -0.136 9.787 5
0.144 -0.062 9.267 5
-0.048 -0.137 9.841 5
0.202 -0.126 9.173 5
-0.219 -0.126 9.806 5
0.396 -0.088 9.177 5
-0.166 -0.183 9.731 5
0.287 -0.012 9.233 5
-0.197 -0.217 9.84 5
0.394 0.016 9.303 5
-0.279 -0.218 9.8 5
0.421 -0.137 9.564 5
-0.309 -0.074 9.709 5
0.506 -0.12 9.461 5
-0.515 -0.18 9.79 6
0.483 -0.107 9.658 5
-0.282 -0.214 9.897 5
-0.378 -0.199 9.779 5
0.409 -0.082 9.765 5
-0.319 -0.122 9.865 5
0.419 -0.238 10.116 5
-0.478 -0.101 9.66 5
0.563 -0.182 10.131 5
-0.575 -0.188 9.706 5
0.419 -0.106 10.332 5
-0.479 -0.226 9.706 5
0.377 -0.108 10.142 5
-0.524 -0.195 9.804 5
0.477 -0.182 10.203 5
-0.481 -0.08 9.708 5
0.468 -0.173 10.199 5
-0.714 -0.189 9.654 5
0.652 -0.118 10.404 5
-0.667 -0.195 9.521 5
0.457 -0.12 10.341 5
-0.686 -0.181 9.49 5
0.598 -0.095 10.269 5
-0.793 -0.086 9.719 5
0.582 -0.273 10.255 5
-0.705 -0.061 9.297 5
0.683 -0.174 10.31 5
-0.979 -0.181 9.704 5
0.696 -0.122 10.498 6
-0.682 -0.174 9.218 5
0.559 -0.163 10.338 5
-0.805 -0.126 9.295 5
0.596 -0.221 10.291 5
-0.699 -0.035 9.554 5
0.535 -0.236 10.432 5
-0.826 -0.114 9.327 5
0.65 -0.132 10.476 5
-0.65 -0.074 9.201 5
0.39 -0.177 10.44 5
-0.529 -0.075 8.897 5
0.429 -0.187 10.345 5
-0.648 -0.03 9.02 5
0.353 -0.233 10.21 5
-0.434 0.014 8.926 5
0.395 -0.137 10.307 5
-0.664 -0.105 9.096 5
0.38 -0.156 10.298 5
-0.469 -0.077 8.839 5
0.313 -0.107 10.011 5
-0.434 -0.063 8.877 5
0.419 -0.192 10.14 5
-0.39 0.044 8.74 5
0.264 -0.194 9.885 5
-0.425 -0.022 8.935 5
0.484 -0.079 10.16 5
0.256 -0.174 10.115 5
-0.238 -0.11 8.89 6
0.437 -0.117 9.912 5
-0.395 -0.048 8.891 5
0.393 -0.143 9.899 5
-0.197 0.011 8.939 5
0.26 -0.122 9.821 5
-0.312 -0.072 9.014 5
0.358 -0.101 9.779 5
-0.152 -0.058 9.034 5
0.137 -0.108 9.954 5
-0.138 -0.031 9.055 5
0.349 -0.189 9.88 5
-0.144 0.011 8.896 5
0.109 -0.177 9.637 5
0.003 -0.016 9.153 5
0.08 -0.073 9.841 5
0.027 -0.168 9.242 5
-0.078 -0.126 9.957 5
0.246 -0.069 9.133 5
-0.103 -0.162 9.802 5
0.096 -0.036 9.227 5
0.001 -0.187 9.871 5
0.312 -0.011 9.167 5
-0.285 -0.152 9.694 5
0.393 -0.125 9.374 5
-0.198 -0.066 9.809 5
0.425 -0.139 9.48 5
-0.357 -0.201 9.746 5
0.508 -0.057 9.562 5
-0.259 -0.213 9.73 6
0.339 -0.022 9.439 5
-0.371 -0.221 9.893 5
0.495 -0.055 9.605 5
-0.368 -0.139 9.924 5
0.406 -0.196 9.908 5
-0.438 -0.175 9.697 5
0.494 -0.183 9.931 5
-0.631 -0.268 9.74 5
0.506 -0.162 10.253 5
-0.388 -0.242 9.752 5
0.346 -0.13 10.174 5
-0.54 -0.224 9.779 5
0.424 -0.202 10.073 5
-0.395 -0.083 9.785 5
0.421 -0.206 10.234 5
-0.664 -0.18 9.69 5
0.577 -0.127 10.509 5
-0.607 -0.262 9.691 5
0.447 -0.118 10.455 5
-0.549 -0.126 9.456 5
0.549 -0.06 10.178 5
0.583 -0.211 10.255 5
-0.599 -0.136 9.514 5
0.589 -0.212 10.39 5
-0.804 -0.141 9.505 5
0.664 -0.117 10.48 5
-0.718 -0.144 9.548 5
0.513 -0.169 10.43 6
-0.749 -0.161 9.43 5
0.616 -0.21 10.268 5
-0.751 -0.047 9.608 5
0.519 -0.227 10.282 5
-0.761 -0.125 9.233 5
0.609 -0.113 10.485 5
-0.875 -0.239 9.455 5
0.537 -0.169 10.498 5
-0.661 -0.117 9.171 5
0.525 -0.185 10.384 5
-0.742 -0.108 9.176 5
0.45 -0.223 10.372 5
-0.63 0.008 9.272 5
0.418 -0.168 10.268 5
-0.66 -0.141 9.183 5
0.519 -0.164 10.354 5
-0.582 -0.11 8.905 5
0.243 -0.163 10.21 5
-0.423 -0.076 8.779 5
0.516 -0.179 10.249 5
-0.537 0.046 8.828 5
0.346 -0.26 10.09 5
-0.321 0.016 8.82 5
0.395 -0.117 10.104 5
-0.456 -0.052 8.801 5
0.305 -0.095 10.135 5
-0.292 -0.019 8.766 5
0.309 -0.139 10.052 5
-0.467 0.025 8.757 6
0.328 -0.185 9.873 5
-0.267 0.027 8.733 5
0.237 -0.126 9.765 5
-0.304 -0.042 8.952 5
0.333 -0.035 9.949 5
-0.281 -0.088 8.941 5
0.156 -0.105 9.846 5
-0.172 -0.086 8.995 5
0.335 -0.169 10.041 5
-0.261 0.043 9.018 5
0.196 -0.158 9.722 5
-0.036 -0.069 9.143 5
0.2 -0.144 9.88 5
-0.155 -0.151 9.342 5
0.077 -0.062 9.875 5
0.015 -0.088 9.167 5
0.015 0.0 9.16 5
0.12 -0.243 9.96 5
0.058 0.068 8.928 5
-0.099 -0.179 9.621 5
0.241 -0.026 9.254 5
0.003 -0.077 9.737 5
0.278 -0.13 9.51 5
-0.301 -0.11 9.763 5
0.428 -0.026 9.352 5
-0.241 -0.143 9.843 5
0.278 -0.035 9.411 6
-0.228 -0.227 9.84 5
0.427 -0.014 9.405 5
-0.392 -0.156 9.8 5
0.482 -0.116 9.733 5
-0.401 -0.141 9.793 5
0.469 -0.166 9.714 5
-0.597 -0.22 9.829 5
0.55 -0.155 9.908 5
-0.412 -0.196 9.877 5
0.424 -0.067 9.894 5
-0.454 -0.22 9.862 5
0.456 -0.164 9.993 5
-0.38 -0.104 10.038 5
0.431 -0.23 10.148 5
-0.53 -0.168 9.709 5
0.623 -0.099 10.336 5
-0.662 -0.23 9.729 5
0.4 -0.141 10.253 5
-0.434 -0.182 9.665 5
0.474 -0.147 10.209 5
-0.625 -0.167 9.811 5
0.433 -0.246 10.374 5
-0.487 -0.079 9.554 5
0.447 -0.211 10.282 5
-0.75 -0.194 9.597 5
0.654 -0.111 10.522 5
-0.742 -0.191 9.421 5
0.489 -0.137 10.413 5
-0.707 -0.132 9.415 6
0.627 -0.169 10.126 5
-0.75 -0.031 9.485 5
0.441 -0.226 10.259 5
-0.704 -0.139 9.291 5
0.656 -0.204 10.296 5
-0.901 -0.162 9.49 5
0.71 -0.131 10.392 5
-0.718 -0.174 9.295 5
0.568 -0.15 10.298 5
-0.847 -0.098 9.336 5
0.633 -0.246 10.235 5
-0.722 -0.047 9.346 5
0.499 -0.26 10.266 5
0.652 -0.162 10.428 5
-0.653 -0.164 9.095 5
0.425 -0.163 10.629 5
-0.589 -0.138 9.187 5
0.482 -0.231 10.356 5
-0.689 -0.027 9.099 5
0.383 -0.232 10.401 5
-0.448 -0.007 8.834 5
0.368 -0.132 10.132 5
-0.556 -0.117 8.908 5
0.322 -0.163 10.229 5
-0.344 -0.077 8.707 5
0.264 -0.137 10.017 5
-0.386 0.0 8.876 5
0.358 -0.173 10.128 6
-0.307 -0.001 8.624 5
0.216 -0.171 9.733 5
-0.205 -0.031 8.635 5
0.385 -0.088 10.081 5
-0.362 -0.036 8.64 5
0.235 -0.037 9.822 5
-0.15 -0.067 8.76 5
0.314 -0.152 9.752 5
-0.322 0.017 8.867 5
0.363 -0.191 9.842 5
-0.125 0.025 8.796 5
0.265 -0.144 9.829 5
-0.243 -0.08 9.102 5
0.315 -0.12 9.94 5
-0.122 -0.044 8.991 5
0.157 -0.151 9.917 5
-0.086 -0.002 9.079 5
0.264 -0.205 9.871 5
-0.092 0.017 9.062 5
0.096 -0.124 9.723 5
0.09 -0.042 9.28 5
0.013 -0.095 9.771 5
0.018 -0.179 9.373 5
-0.044 -0.133 9.9 5
0.328 -0.05 9.217 5
-0.132 -0.2 9.887 6
0.164 -0.052 9.384 4
-0.071 -0.2 9.862 6
0.245 -0.102 9.168 5
-0.286 -0.145 9.655 5
0.38 -0.135 9.474 5
-0.173 -0.098 9.788 5
0.352 -0.129 9.643 5
-0.473 -0.189 9.875 5
0.552 -0.07 9.547 5
-0.334 -0.211 9.854 5
0.381 -0.068 9.754 5
0.514 -0.112 9.58 5
-0.438 -0.119 9.854 5
0.553 -0.175 10.011 5
-0.411 -0.148 9.535 5
0.581 -0.124 9.947 5
-0.644 -0.256 9.836 5
0.493 -0.122 10.228 5
-0.435 -0.202 9.765 5
0.445 -0.108 10.11 5
-0.534 -0.192 9.85 5
0.493 -0.239 10.131 5
-0.54 -0.126 9.813 5
0.451 -0.206 10.574 5
-0.711 -0.21 9.673 5
0.64 -0.163 10.469 5
-0.644 -0.241 9.772 5
0.418 -0.177 10.461 5
-0.486 -0.144 9.46 5
0.504 -0.141 10.14 6
-0.706 -0.107 9.6 5
0.463 -0.231 10.362 5
-0.567 -0.124 9.616 5
0.608 -0.205 10.4 5
-0.843 -0.131 9.421 5
0.64 -0.119 10.51 5
-0.62 -0.183 9.356 5
0.497 -0.225 10.388 5
-0.712 -0.098 9.414 5
0.648 -0.161 10.187 5
-0.736 -0.01 9.339 5
0.521 -0.258 10.313 5
-0.667 -0.108 9.067 5
0.688 -0.133 10.311 5
-0.805 -0.174 9.262 5
0.594 -0.176 10.404 5
-0.604 -0.082 9.121 5
0.546 -0.218 10.171 5
-0.805 0.006 9.153 5
0.469 -0.169 10.157 5
-0.47 -0.01 9.066 5
0.465 -0.186 10.291 5
-0.689 -0.132 9.027 5
0.487 -0.154 10.375 5
-0.58 -0.056 8.952 5
0.294 -0.175 10.151 5
-0.376 -0.037 8.761 5
0.387 -0.233 10.155 5
-0.497 0.023 8.799 6
0.25 -0.171 9.962 5
-0.248 -0.03 8.789 5
0.332 -0.063 10.029 5
0.249 -0.118 10.079 5
-0.09 -0.02 8.758 5
0.187 -0.205 9.932 5
-0.253 0.005 8.801 5
0.274 -0.192 9.956 5
-0.132 0.043 8.74 5
0.175 -0.145 9.704 5
-0.135 -0.079 8.872 5
0.344 -0.007 9.779 5
-0.21 -0.05 8.851 5
0.157 -0.135 9.867 5
-0.121 -0.017 8.946 5
0.258 -0.149 9.934 5
-0.243 0.045 9.12 5
0.207 -0.163 9.813 5
0.039 -0.037 9.237 5
0.045 -0.091 9.878 5
0.016 -0.188 9.425 5
-0.01 -0.098 9.827 5
0.103 -0.049 9.105 5
-0.106 -0.195 9.88 5
0.096 0.002 9.296 5
0.005 -0.188 9.871 5
0.165 0.023 9.193 5
-0.185 -0.135 9.639 6
0.357 -0.137 9.52 5
-0.205 -0.091 9.709 5
0.284 -0.141 9.677 5
-0.353 -0.152 9.765 5
0.428 -0.055 9.48 5
-0.318 -0.18 9.802 5
0.315 -0.019 9.609 5
-0.342 -0.175 9.794 5
0.534 -0.01 9.416 5
-0.535 -0.116 9.875 5
0.614 -0.16 9.96 5
-0.451 -0.081 9.658 5
0.571 -0.149 9.924 5
-0.68 -0.214 9.793 5
0.604 -0.083 10.128 5
-0.441 -0.164 9.838 5
0.418 -0.113 9.888 5
-0.541 -0.181 9.867 5
0.578 -0.196 10.078 5
-0.619 -0.147 9.861 5
0.557 -0.21 10.365 5
-0.582 -0.21 9.634 5
0.651 -0.131 10.318 5
-0.735 -0.264 9.614 5
0.457 -0.137 10.474 5
-0.472 -0.145 9.571 5
0.432 -0.127 10.217 5
0.506 -0.221 10.455 6
-0.555 -0.124 9.556 5
0.478 -0.185 10.473 5
-0.757 -0.161 9.604 5
0.601 -0.097 10.584 5
-0.654 -0.163 9.436 5
0.477 -0.154 10.417 5
-0.598 -0.075 9.312 5
0.562 -0.188 10.187 5
-0.762 -0.072 9.428 5
0.541 -0.212 10.294 5
-0.614 -0.133 9.18 5
0.583 -0.154 10.288 5
-0.888 -0.126 9.286 5
0.547 -0.127 10.38 5
-0.572 -0.054 9.114 5
0.54 -0.226 10.077 5
-0.689 0.037 9.074 5
0.644 -0.167 10.2 5
-0.645 -0.002 9.097 5
0.41 -0.144 10.15 5
-0.685 -0.08 8.964 5
0.621 -0.108 10.476 5
-0.629 -0.112 9.027 5
0.381 -0.199 10.313 5
-0.42 -0.057 8.922 5
0.424 -0.22 10.199 5
-0.61 -0.016 8.97 5
0.305 -0.17 10.03 6
-0.356 -0.052 8.83 5
0.32 -0.092 10.094 5
-0.394 -0.074 8.901 5
0.26 -0.089 10.065 5
-0.211 -0.022 8.607 5
0.136 -0.224 9.898 5
-0.251 0.092 8.76 5
0.307 -0.133 9.975 5
-0.174 0.042 8.73 5
0.094 -0.145 9.662 5
-0.154 -0.092 8.841 5
0.258 -0.123 9.991 5
-0.23 -0.062 8.778 5
0.145 -0.154 9.798 5
-0.002 0.001 8.852 5
0.241 -0.176 9.774 5
-0.181 0.025 8.973 5
0.169 -0.208 9.761 5
0.046 -0.018 8.923 5
0.027 -0.097 9.581 5
0.04 -0.171 9.146 5
0.138 -0.13 9.886 5
0.03 -0.054 9.268 5
0.072 -0.06 9.217 5
0.102 -0.223 9.804 5
0.049 -0.022 9.295 5
-0.103 -0.148 9.721 5
0.29 -0.12 9.459 6
-0.135 -0.131 9.848 5
0.174 -0.182 9.591 5
-0.209 -0.176 9.835 5
0.358 -0.07 9.581 5
-0.261 -0.255 9.93 5
0.264 -0.07 9.503 5
-0.192 -0.201 9.877 5
0.403 -0.069 9.427 5
-0.43 -0.135 9.743 5
0.558 -0.174 9.742 5
-0.42 -0.207 9.806 5
0.509 -0.125 9.929 5
-0.664 -0.227 9.792 5
0.62 -0.102 9.904 5
-0.435 -0.218 9.865 5
0.431 -0.118 9.869 5
-0.594 -0.196 9.873 5
0.652 -0.126 9.998 5
-0.612 -0.101 9.972 5
0.6 -0.235 10.365 5
-0.624 -0.152 9.625 5
0.618 -0.129 10.204 5
-0.734 -0.281 9.868 5
0.603 -0.141 10.449 5
-0.469 -0.167 9.683 5
0.509 -0.188 10.324 5
-0.735 -0.135 9.777 5
0.535 -0.189 10.398 5
-0.572 -0.136 9.73 6
0.433 -0.177 10.498 5
-0.668 -0.206 9.381 5
0.597 -0.127 10.63 5
-0.66 -0.141 9.362 5
0.432 -0.226 10.453 5
-0.529 -0.045 9.499 5
0.539 -0.202 10.354 5
-0.712 -0.049 9.398 5
0.485 -0.176 10.425 5
-0.548 -0.067 9.255 5
0.495 -0.136 10.318 5
-0.803 -0.187 9.314 5
0.569 -0.149 10.465 5
-0.573 -0.056 9.153 5
0.489 -0.198 10.136 5
-0.661 -0.031 9.139 5
0.602 -0.22 10.253 5
0.507 -0.192 10.217 5
-0.631 -0.114 9.082 5
0.629 -0.182 10.291 5
-0.698 -0.135 9.066 5
0.518 -0.198 10.269 5
-0.472 -0.081 8.949 5
0.566 -0.268 10.113 5
-0.691 0.022 8.936 5
0.414 -0.194 10.236 5
-0.35 -0.029 8.877 5
0.364 -0.099 10.085 6
-0.501 -0.141 8.884 5
0.422 -0.17 10.151 5
-0.419 0.014 8.755 5
0.205 -0.193 9.966 5
-0.304 -0.01 8.785 5
0.314 -0.13 10.066 5
-0.284 -0.05 8.658 5
0.128 -0.181 9.86 5
-0.099 -0.113 8.705 5
0.23 -0.08 9.915 5
-0.271 -0.041 8.677 5
0.233 -0.137 9.918 5
-0.019 0.037 8.78 5
0.13 -0.224 9.909 5
-0.169 0.004 8.96 5
0.25 -0.176 9.841 5
0.034 -0.036 8.968 5
-0.003 -0.048 9.756 5
0.006 -0.141 9.072 5
0.101 -0.098 9.865 6
0.057 -0.05 9.174 5
-0.03 -0.187 9.802 5
0.081 -0.006 9.079 5
0.121 -0.185 9.847 5
0.056 -0.062 9.259 5
-0.048 -0.152 9.646 5
0.277 -0.157 9.443 5
-0.028 -0.102 9.841 5
0.131 -0.117 9.524 5
-0.169 -0.125 9.754 5
0.281 -0.048 9.533 5
-0.251 -0.288 9.894 5
0.23 -0.055 9.675 5
-0.065 -0.168 9.988 5
0.314 -0.068 9.505 5
-0.361 -0.182 9.723 5
0.521 -0.192 9.772 5
-0.416 -0.129 9.793 5
0.468 -0.125 9.932 5
-0.495 -0.21 9.741 5
0.519 -0.038 9.712 5
0.358 -0.102 9.891 5
-0.547 -0.169 9.794 5
0.538 -0.176 9.797 5
-0.673 -0.12 10.003 6
0.671 -0.205 10.324 5
-0.565 -0.149 9.616 5
0.633 -0.097 10.296 5
-0.722 -0.274 9.81 5
0.559 -0.136 10.298 5
-0.559 -0.192 9.881 5
0.549 -0.199 10.259 5
-0.681 -0.131 9.767 5
0.723 -0.227 10.201 5
-0.699 -0.116 9.8 5
0.518 -0.201 10.578 5
-0.645 -0.2 9.424 5
0.61 -0.12 10.507 5
-0.711 -0.231 9.673 5
0.468 -0.189 10.5 5
-0.528 -0.076 9.429 5
0.407 -0.191 10.369 5
-0.773 -0.124 9.612 5
0.414 -0.257 10.445 5
-0.52 -0.113 9.316 5
0.429 -0.201 10.469 5
-0.698 -0.162 9.289 5
0.576 -0.155 10.509 5
-0.616 -0.131 9.171 5
0.418 -0.167 10.149 5
-0.587 -0.038 9.149 5
0.583 -0.225 10.263 6
-0.68 -0.087 9.178 5
0.428 -0.106 10.248 5
-0.589 -0.086 8.913 5
0.593 -0.073 10.316 5
-0.782 -0.12 9.108 5
0.526 -0.225 10.303 5
-0.559 0.026 9.051 5
0.502 -0.238 9.913 5
-0.684 -0.013 8.954 5
0.629 -0.154 10.031 5
-0.522 -0.018 8.867 5
0.474 -0.086 10.201 5
-0.591 -0.191 8.876 5
0.507 -0.138 10.326 5
-0.532 -0.041 8.814 5
0.375 -0.177 9.994 5
-0.347 -0.037 8.821 5
0.415 -0.198 10.015 5
-0.43 -0.047 8.829 5
0.285 -0.137 9.89 5
-0.093 -0.033 8.69 5
-0.26 -0.052 8.721 5
0.264 -0.173 10.046 5
-0.102 0.035 8.674 5
0.095 -0.226 9.804 5
-0.041 0.033 8.885 5
0.238 -0.176 9.818 5
-0.002 -0.032 8.832 5
-0.055 -0.142 9.624 6
0.151 -0.131 8.971 5
0.118 -0.114 9.929 5
-0.06 -0.064 9.033 5
0.011 -0.16 9.871 5
0.15 0.008 9.022 5
0.009 -0.174 9.816 5
-0.04 -0.07 9.214 5
0.02 -0.136 9.747 5
0.249 -0.074 9.228 5
-0.173 -0.114 9.784 5
0.188 -0.18 9.573 5
-0.061 -0.214 9.784 5
0.218 -0.01 9.428 5
-0.16 -0.21 9.859 5
0.243 0.001 9.435 5
-0.068 -0.154 9.844 5
0.193 -0.107 9.706 5
-0.318 -0.1 9.774 5
0.422 -0.155 9.716 5
-0.315 -0.157 9.819 5
0.377 -0.16 9.981 5
-0.386 -0.223 9.884 5
0.52 -0.044 9.846 5
-0.469 -0.223 9.89 5
0.352 -0.049 9.918 5
-0.407 -0.17 9.859 5
0.447 -0.151 9.822 5
-0.66 -0.093 9.849 5
0.634 -0.236 10.24 6
-0.547 -0.142 9.737 5
0.633 -0.112 10.176 5
-0.73 -0.176 9.705 5
0.688 -0.083 10.182 5
-0.6 -0.152 9.938 5
0.441 -0.175 10.205 5
-0.676 -0.198 9.855 5
0.759 -0.229 10.271 5
-0.811 -0.192 9.942 5
0.634 -0.166 10.637 5
-0.607 -0.173 9.515 5
0.584 -0.11 10.381 5
-0.808 -0.236 9.598 5
0.483 -0.181 10.498 5
-0.587 -0.048 9.641 5
-0.794 -0.088 9.658 5
0.54 -0.242 10.587 5
-0.67 -0.127 9.585 5
0.421 -0.132 10.738 5
-0.738 -0.205 9.245 5
0.528 -0.095 10.567 5
-0.65 -0.067 9.224 5
0.352 -0.223 10.379 5
-0.532 -0.023 9.16 5
0.552 -0.216 10.354 5
-0.743 -0.051 9.259 5
0.4 -0.208 10.342 5
-0.518 -0.114 9.028 6
0.429 -0.099 10.278 5
-0.649 -0.149 9.087 5
0.554 -0.218 10.261 5
-0.519 -0.004 8.895 5
0.428 -0.23 10.077 5
-0.624 0.016 8.96 5
0.533 -0.191 10.135 5
-0.523 -0.087 8.946 5
0.377 -0.167 10.059 5
-0.53 -0.098 8.864 5
0.578 -0.138 10.286 5
-0.603 -0.055 9.089 5
0.374 -0.196 10.087 5
-0.432 0.037 8.888 5
0.439 -0.177 9.95 5
-0.401 0.042 8.857 5
0.397 -0.143 9.938 5
-0.207 -0.007 8.785 5
0.309 -0.027 9.85 5
-0.315 -0.099 8.803 5
0.352 -0.142 10.032 5
-0.146 0.0 8.848 5
0.147 -0.214 9.829 5
-0.134 0.054 8.985 5
0.271 -0.124 9.822 5
-0.081 -0.017 8.772 5
0.036 -0.112 9.75 5
0.193 -0.056 8.77 6
0.133 -0.066 9.848 5
-0.086 -0.02 8.877 5
0.011 -0.22 9.843 5
0.199 0.041 8.866 5
0.015 -0.189 9.733 5
0.14 -0.037 9.192 5
-0.005 -0.086 9.766 5
0.233 -0.139 9.161 5
-0.26 -0.144 9.823 5
0.297 -0.151 9.414 5
0.006 -0.174 9.842 5
-0.249 -0.238 9.916 5
0.297 -0.076 9.471 5
-0.117 -0.191 9.823 5
0.206 -0.162 9.687 5
-0.204 -0.105 9.636 5
0.472 -0.162 9.704 5
-0.357 -0.181 9.855 5
0.313 -0.166 10.117 5
-0.226 -0.214 9.727 5
0.41 -0.063 9.841 5
-0.451 -0.27 9.949 5
0.312 -0.106 9.946 5
-0.357 -0.149 9.9 5
0.418 -0.177 9.911 5
-0.614 -0.129 9.774 5
0.587 -0.119 10.184 5
-0.5 -0.149 9.608 6
0.45 -0.135 10.146 5
-0.635 -0.196 9.7 5
0.663 -0.122 10.035 5
-0.686 -0.126 9.884 5
0.483 -0.213 10.159 5
-0.645 -0.149 9.848 5
0.622 -0.202 10.162 5
-0.82 -0.198 9.841 5
0.744 -0.162 10.555 5
-0.699 -0.196 9.414 5
0.594 -0.118 10.382 5
-0.769 -0.244 9.787 5
0.607 -0.152 10.474 5
-0.582 -0.08 9.803 5
0.472 -0.207 10.454 5
-0.759 -0.052 9.615 5
0.631 -0.257 10.55 5
-0.807 -0.163 9.539 5
0.471 -0.173 10.638 5
-0.601 -0.18 9.343 5
0.571 -0.122 10.531 5
-0.726 -0.106 9.272 5
0.468 -0.211 10.52 5
-0.517 -0.036 9.378 5
0.4 -0.246 10.323 5
-0.695 -0.082 9.139 5
0.396 -0.177 10.472 5
-0.547 -0.106 9.177 5
0.419 -0.137 10.299 6
-0.579 -0.072 9.009 5
0.468 -0.152 10.304 5
-0.579 -0.042 8.97 5
0.321 -0.27 9.929 5
-0.465 0.033 8.971 5
-0.548 -0.076 8.901 5
0.363 -0.086 10.132 5
-0.456 -0.073 8.845 5
0.507 -0.082 10.028 5
-0.548 -0.01 8.933 5
0.451 -0.196 9.965 5
-0.372 0.062 8.953 5
0.369 -0.176 9.838 5
-0.47 -0.055 8.993 5
0.497 -0.083 9.912 5
-0.353 -0.091 8.879 5
0.315 -0.069 9.829 5
-0.367 -0.052 8.83 5
0.483 -0.151 9.979 5
-0.268 -0.017 8.838 5
0.189 -0.177 9.791 5
-0.065 0.073 8.926 5
0.246 -0.133 9.769 5
-0.179 -0.076 9.04 5
0.112 -0.117 9.829 5
0.136 -0.082 8.888 5
0.091 -0.094 9.884 5
-0.034 -0.06 9.04 5
0.088 -0.194 9.921 6
0.202 0.035 8.768 5
-0.078 -0.189 9.664 5
0.224 -0.082 9.08 5
0.0 -0.089 9.911 5
0.214 -0.114 9.011 5
-0.234 -0.156 9.698 5
0.356 -0.049 9.32 5
-0.077 -0.191 9.778 5
0.165 -0.016 9.245 5
-0.218 -0.194 9.774 5
0.384 0.001 9.318 5
-0.086 -0.141 9.777 5
0.328 -0.144 9.702 5
-0.279 -0.123 9.723 5
0.454 -0.138 9.686 5
-0.487 -0.262 9.865 5
0.368 -0.077 9.932 5
-0.244 -0.174 9.773 5
0.27 -0.058 9.855 5
-0.351 -0.276 9.925 5
0.356 -0.108 10.017 5
-0.219 -0.123 9.81 5
0.421 -0.241 10.078 5
-0.567 -0.079 9.641 5
0.551 -0.113 10.065 5
-0.518 -0.252 9.81 6
0.424 -0.107 10.426 5
-0.512 -0.249 9.493 5
-0.572 -0.105 9.905 5
0.416 -0.183 10.261 5
-0.57 -0.073 9.717 5
0.646 -0.2 10.004 5
-0.837 -0.206 9.641 5
0.723 -0.194 10.437 5
-0.701 -0.193 9.623 5
0.56 -0.181 10.436 5
-0.795 -0.212 9.658 5
0.651 -0.195 10.26 5
-0.668 -0.095 9.722 5
0.543 -0.192 10.307 5
-0.753 -0.113 9.635 5
0.69 -0.191 10.425 5
-0.847 -0.191 9.691 5
0.575 -0.199 10.535 5
-0.642 -0.189 9.334 5
0.541 -0.124 10.512 5
-0.808 -0.112 9.566 5
0.54 -0.243 10.498 5
-0.589 -0.011 9.391 5
0.457 -0.224 10.41 5
-0.687 -0.079 9.359 5
0.494 -0.193 10.536 5
-0.598 -0.201 9.253 5
0.233 -0.179 10.423 5
-0.536 -0.12 8.989 6
0.431 -0.195 10.504 5
-0.601 -0.081 9.014 5
0.318 -0.238 10.063 5
-0.474 -0.035 8.82 5
0.432 -0.162 10.138 5
-0.53 -0.067 8.858 5
0.35 -0.117 10.085 5
-0.332 -0.097 8.696 5
0.344 -0.125 10.079 5
-0.474 -0.063 8.839 5
0.441 -0.238 10.041 5
-0.386 0.002 8.807 5
0.293 -0.258 9.966 5
-0.374 -0.029 8.863 5
0.376 -0.129 9.918 5
-0.265 -0.072 8.776 5
0.31 -0.055 9.949 5
-0.285 -0.098 8.745 5
0.507 -0.142 10.018 5
-0.304 -0.008 8.922 5
0.287 -0.225 9.73 5
-0.137 0.022 8.954 5
0.303 -0.116 9.855 5
-0.191 -0.141 9.171 5
0.203 -0.094 9.923 5
0.078 -0.162 9.811 5
-0.013 -0.032 9.099 5
0.193 -0.217 9.853 6
0.077 0.089 8.802 5
-0.029 -0.16 9.667 5
0.14 -0.069 9.181 5
0.005 -0.1 9.837 5
0.222 -0.171 9.203 5
-0.228 -0.132 9.758 5
0.476 -0.149 9.116 5
-0.18 -0.129 9.743 5
0.214 -0.002 9.27 5
-0.175 -0.262 9.771 5
0.456 -0.001 9.305 5
-0.309 -0.167 9.773 5
0.365 -0.179 9.664 5
-0.334 -0.123 9.853 5
0.5 -0.126 9.603 5
-0.43 -0.192 9.809 5
0.463 -0.158 9.925 5
-0.288 -0.227 9.763 5
0.355 -0.066 9.791 5
-0.448 -0.223 9.834 5
0.551 -0.062 9.938 5
-0.42 -0.102 9.675 5
0.368 -0.246 10.24 5
-0.494 -0.148 9.628 5
0.585 -0.156 10.242 5
-0.555 -0.2 9.612 5
0.437 -0.126 10.457 5
-0.478 -0.162 9.577 6
0.509 -0.099 10.228 5
-0.668 -0.18 9.678 5
0.375 -0.231 10.298 5
-0.49 -0.072 9.84 5
0.449 -0.258 10.361 5
-0.791 -0.173 9.612 5
0.657 -0.083 10.468 5
-0.669 -0.176 9.587 5
0.491 -0.175 10.368 5
-0.729 -0.187 9.461 5
0.571 -0.173 10.29 5
-0.653 -0.054 9.735 5
0.496 -0.192 10.342 5
-0.782 -0.137 9.464 5
0.7 -0.147 10.434 5
-0.867 -0.201 9.708 5
0.65 -0.13 10.623 5
-0.703 -0.139 9.364 5
0.62 -0.145 10.443 5
-0.794 -0.072 9.262 5
-0.58 -0.036 9.366 5
0.476 -0.262 10.323 5
-0.709 -0.142 9.421 5
0.619 -0.143 10.547 5
-0.661 -0.119 9.206 5
0.376 -0.147 10.353 5
-0.559 -0.1 9.007 5
0.464 -0.156 10.34 6
-0.632 -0.027 9.107 5
0.301 -0.25 10.168 5
-0.407 0.002 8.915 5
0.355 -0.158 10.248 5
-0.549 -0.085 8.927 5
0.225 -0.137 10.193 5
-0.331 -0.107 8.752 5
0.296 -0.131 10.086 5
-0.375 -0.042 8.768 5
0.46 -0.141 10.082 5
-0.397 0.032 8.609 5
0.232 -0.185 9.629 5
-0.235 -0.016 8.808 5
0.416 -0.063 10.036 5
-0.329 -0.087 8.732 5
0.265 -0.099 9.866 5
-0.178 -0.032 8.842 5
0.333 -0.136 9.76 5
-0.315 0.077 9.062 5
0.253 -0.273 9.848 5
-0.038 0.048 8.97 5
0.163 -0.149 9.796 5
-0.211 -0.099 9.127 5
0.24 -0.101 9.95 5
-0.003 -0.08 9.151 5
0.049 -0.123 9.837 5
-0.059 -0.064 9.143 5
0.269 -0.186 9.859 5
-0.019 0.0 9.052 6
-0.007 -0.131 9.602 5
0.193 -0.051 9.318 5
-0.016 -0.094 9.854 5
0.175 -0.157 9.481 5
-0.177 -0.154 9.834 5
0.381 -0.02 9.215 5
-0.169 -0.191 9.896 5
0.23 -0.013 9.337 5
-0.165 -0.223 9.917 5
0.394 -0.06 9.259 5
-0.351 -0.171 9.686 5
0.459 -0.18 9.621 5
-0.315 -0.129 9.641 5
0.487 -0.158 9.664 5
-0.472 -0.187 9.727 5
-0.403 -0.237 9.885 5
0.376 -0.069 9.931 5
-0.415 -0.22 9.942 5
0.537 -0.174 9.861 5
-0.531 -0.063 9.924 5
0.526 -0.232 10.094 5
-0.492 -0.145 9.671 5
0.562 -0.149 10.171 5
-0.692 -0.266 9.708 5
0.477 -0.074 10.323 5
-0.395 -0.174 9.711 5
0.41 -0.126 10.126 5
-0.538 -0.091 9.756 6
0.414 -0.258 10.367 5
-0.448 -0.047 9.791 5
0.439 -0.204 10.512 5
-0.656 -0.152 9.472 5
0.607 -0.105 10.45 5
-0.66 -0.226 9.65 5
0.494 -0.151 10.424 5
-0.674 -0.111 9.605 5
0.591 -0.175 10.284 5
-0.666 -0.013 9.483 5
0.47 -0.208 10.37 5
-0.585 -0.105 9.411 5
0.512 -0.1 10.332 5
-0.895 -0.141 9.327 5
0.664 -0.133 10.573 5
-0.718 -0.124 9.356 5
0.56 -0.221 10.35 5
-0.769 -0.08 9.365 5
0.653 -0.238 10.186 5
-0.689 -0.007 9.314 5
0.495 -0.212 10.261 5
-0.759 -0.082 9.095 5
0.576 -0.136 10.349 5
-0.822 -0.126 9.29 5
0.463 -0.18 10.43 5
-0.536 -0.041 9.057 5
0.385 -0.223 10.184 5
-0.642 -0.008 8.921 6
0.334 -0.256 10.275 5
-0.461 0.007 8.972 5
0.356 -0.144 10.282 5
-0.576 -0.072 8.754 5
0.364 -0.105 10.094 5
-0.342 -0.038 8.672 5
0.187 -0.151 9.986 5
-0.292 -0.01 8.846 5
0.283 -0.16 10.078 5
-0.305 0.0 8.672 5
-0.122 -0.042 8.784 5
0.245 -0.049 9.816 5
-0.272 -0.085 8.699 5
0.155 -0.136 9.973 5
-0.104 -0.01 8.771 5
0.166 -0.18 9.716 5
-0.138 -0.051 8.915 5
0.188 -0.212 9.84 5
-0.09 -0.048 8.841 5
0.032 -0.105 9.627 5
-0.002 -0.123 9.072 5
0.237 -0.093 9.765 5
-0.005 -0.086 9.083 5
0.04 -0.17 9.806 5
0.091 0.002 9.064 5
0.138 -0.198 9.855 5
0.046 -0.037 9.193 6
0.018 -0.145 9.679 5
0.253 -0.101 9.227 5
-0.152 -0.045 9.71 5
0.224 -0.144 9.554 5
-0.079 -0.145 9.8 5
0.287 -0.022 9.392 5
-0.241 -0.236 9.909 5
0.262 -0.041 9.504 5
-0.178 -0.193 9.9 5
0.35 -0.063 9.398 5
-0.369 -0.114 9.741 5
0.471 -0.157 9.69 5
-0.338 -0.168 9.694 5
0.453 -0.16 9.759 5
-0.591 -0.221 9.719 5
0.673 -0.068 9.767 5
-0.372 -0.218 9.837 5
0.5 -0.079 9.942 5
-0.563 -0.155 9.768 5
0.621 -0.094 9.88 5
-0.603 -0.1 10.0 5
0.637 -0.236 10.209 5
-0.541 -0.135 9.673 5
0.681 -0.102 10.199 5
-0.748 -0.31 9.844 5
0.56 -0.139 10.351 5
-0.541 -0.187 9.858 5
0.406 -0.094 10.401 5
-0.655 -0.138 9.781 6
0.577 -0.246 10.4 5
-0.55 -0.152 9.885 5
0.459 -0.199 10.576 5
-0.704 -0.174 9.485 5
0.581 -0.107 10.474 5
0.39 -0.143 10.599 5
-0.5 -0.092 9.386 5
0.519 -0.202 10.426 5
-0.718 -0.057 9.439 5
0.419 -0.193 10.394 5
-0.636 -0.116 9.327 5
0.584 -0.088 10.44 5
-0.798 -0.136 9.211 5
0.572 -0.114 10.453 5
-0.618 -0.07 9.201 5
0.445 -0.236 10.426 5
-0.713 -0.067 9.223 5
0.61 -0.173 10.091 5
-0.709 -0.03 9.098 5
0.397 -0.192 10.286 5
-0.634 -0.085 9.045 5
0.496 -0.176 10.306 5
-0.774 -0.143 9.218 5
0.491 -0.151 10.406 5
-0.556 0.023 9.055 5
0.447 -0.246 10.178 5
-0.611 -0.031 9.012 5
0.457 -0.195 10.188 5
-0.495 -0.013 9.051 6
0.441 -0.142 9.974 5
-0.518 -0.064 8.811 5
0.432 -0.118 10.316 5
-0.39 -0.054 8.789 5
0.134 -0.191 9.861 5
-0.262 0.074 8.836 5
0.29 -0.18 9.966 5
-0.244 -0.007 8.959 5
0.1 -0.114 9.932 5
-0.005 -0.026 8.676 5
0.17 -0.047 9.835 5
-0.194 -0.058 8.851 5
0.139 -0.147 9.83 5
0.069 0.004 8.588 5
0.036 -0.198 9.697 5
-0.03 -0.014 8.934 5
0.132 -0.129 9.73 5
0.095 0.011 8.599 5
-0.027 -0.048 9.546 5
0.125 -0.166 9.206 5
0.022 -0.136 9.943 5
0.082 -0.082 9.127 5
-0.118 -0.218 9.709 5
0.174 0.008 9.265 5
0.056 -0.23 9.917 5
0.059 -0.057 9.331 5
-0.096 -0.186 9.725 5
-0.2 -0.143 9.737 6
0.238 -0.191 9.611 5
-0.1 -0.179 9.767 5
0.263 -0.027 9.561 5
-0.26 -0.285 9.852 5
0.255 -0.068 9.712 5
-0.115 -0.193 9.878 5
0.225 -0.148 9.705 5
-0.373 -0.147 9.822 5
0.496 -0.21 10.084 5
-0.411 -0.161 9.794 5
0.416 -0.181 10.063 5
-0.57 -0.194 9.853 5
0.537 -0.083 10.005 5
-0.472 -0.25 9.885 5
0.444 -0.13 9.941 5
-0.557 -0.149 9.868 5
0.666 -0.162 9.854 5
-0.751 -0.145 9.803 5
0.637 -0.202 10.324 5
-0.605 -0.154 9.828 5
0.625 -0.132 10.385 5
-0.738 -0.266 9.69 5
0.607 -0.136 10.35 5
-0.561 -0.133 9.974 5
0.409 -0.198 10.271 5
-0.709 -0.105 9.909 5
0.731 -0.236 10.393 5
-0.691 -0.094 9.693 5
0.547 -0.194 10.639 6
-0.645 -0.166 9.4 5
0.569 -0.068 10.597 5
-0.77 -0.219 9.742 5
0.429 -0.244 10.52 5
-0.556 -0.105 9.47 5
0.489 -0.211 10.465 5
-0.679 -0.026 9.391 5
0.441 -0.241 10.43 5
-0.567 -0.114 9.354 5
0.344 -0.133 10.507 5
-0.653 -0.177 9.236 5
0.501 -0.157 10.555 5
-0.566 -0.085 9.154 5
0.349 -0.211 10.303 5
-0.575 -0.031 9.043 5
0.471 -0.16 10.218 5
-0.724 -0.016 9.079 5
0.416 -0.154 10.236 5
-0.504 -0.118 9.102 5
0.549 -0.132 10.259 5
-0.68 -0.091 8.943 5
-0.48 0.019 8.96 5
0.401 -0.27 9.994 5
-0.55 0.001 9.002 5
0.494 -0.169 9.993 5
-0.362 -0.073 8.845 5
0.301 -0.068 9.965 5
-0.503 -0.132 8.801 6
0.501 -0.117 10.129 5
-0.426 -0.007 8.824 5
0.315 -0.202 9.759 5
-0.296 0.113 8.72 5
0.285 -0.162 9.86 5
-0.317 -0.031 8.907 5
0.17 -0.156 9.974 5
-0.021 -0.049 8.822 5
0.166 -0.048 9.863 5
-0.167 -0.092 8.94 5
0.151 -0.154 10.0 5
0.031 0.066 8.61 5
0.006 -0.195 9.648 5
0.039 0.013 8.858 5
0.087 -0.145 9.797 5
0.166 -0.007 8.836 5
-0.047 -0.098 9.661 5
0.259 -0.089 9.049 5
-0.038 -0.143 9.812 5
0.121 -0.073 9.095 5
-0.071 -0.167 9.768 5
0.362 0.013 9.115 5
-0.034 -0.189 9.683 5
0.215 -0.07 9.293 5
-0.093 -0.104 9.677 5
0.438 -0.095 9.348 5
-0.343 -0.127 9.778 5
0.289 -0.148 9.733 6
-0.144 -0.168 9.803 5
0.29 0.005 9.562 5
-0.247 -0.212 9.888 5
0.256 -0.077 9.846 5
-0.157 -0.149 9.919 5
0.305 -0.168 9.759 5
-0.403 -0.092 9.629 5
0.607 -0.162 9.966 5
-0.391 -0.176 9.856 5
0.427 -0.111 10.075 5
-0.469 -0.27 9.783 5
0.509 -0.036 10.069 5
-0.495 -0.207 9.913 5
0.375 -0.183 10.13 5
-0.395 -0.118 9.896 5
0.524 -0.201 10.161 5
-0.762 -0.16 9.792 5
-0.653 -0.194 9.687 5
0.585 -0.114 10.37 5
-0.732 -0.221 9.774 5
0.593 -0.083 10.374 5
-0.648 -0.151 9.884 5
0.507 -0.201 10.334 5
-0.793 -0.062 9.642 5
0.695 -0.23 10.367 5
-0.828 -0.173 9.891 5
0.626 -0.189 10.697 5
-0.731 -0.229 9.315 6
0.632 -0.057 10.551 5
-0.816 -0.143 9.627 5
0.519 -0.186 10.505 5
-0.572 -0.018 9.693 5
0.49 -0.232 10.411 5
-0.72 -0.036 9.362 5
0.532 -0.205 10.536 5
-0.637 -0.138 9.343 5
0.355 -0.12 10.461 5
-0.631 -0.157 9.134 5
0.419 -0.195 10.393 5
-0.623 -0.005 9.204 5
0.351 -0.243 10.255 5
-0.497 0.022 8.977 5
0.414 -0.143 10.203 5
-0.695 -0.098 9.003 5
0.325 -0.118 10.228 5
-0.425 -0.164 8.945 5
0.387 -0.105 10.107 5
-0.518 -0.05 8.827 5
0.376 -0.242 10.163 5
-0.328 0.041 8.782 5
0.3 -0.244 9.777 5
-0.404 -0.023 8.796 5
0.497 -0.074 10.072 5
-0.392 -0.055 8.791 5
0.299 -0.105 9.858 5
-0.336 -0.076 8.82 6
0.453 -0.119 9.953 5
-0.435 -0.011 8.897 5
0.308 -0.205 9.818 5
-0.173 0.048 8.848 5
0.206 -0.139 9.783 5
-0.266 -0.132 9.052 5
0.234 -0.088 9.93 5
-0.022 -0.061 8.961 5
0.147 -0.097 9.775 5
-0.21 0.022 8.911 5
0.207 -0.201 9.974 5
-0.065 0.052 8.989 5
0.08 -0.016 9.086 5
0.07 -0.049 9.815 5
0.065 -0.127 9.101 5
-0.138 -0.097 9.672 5
0.377 -0.068 9.128 5
-0.094 -0.125 9.669 5
0.146 -0.036 9.133 5
-0.154 -0.195 9.697 5
0.475 0.033 9.086 5
-0.196 -0.122 9.808 5
0.37 -0.105 9.553 5
-0.185 -0.094 9.564 5
0.459 -0.099 9.412 5
-0.47 -0.139 9.738 5
0.44 -0.064 9.74 5
-0.206 -0.177 9.777 5
0.294 -0.033 9.679 5
-0.409 -0.194 9.86 6
0.475 -0.098 9.806 5
-0.39 -0.091 9.98 5
0.339 -0.137 10.077 5
-0.411 -0.111 9.689 5
0.535 -0.15 10.041 5
-0.613 -0.171 9.785 5
0.447 -0.114 10.269 5
-0.448 -0.2 9.735 5
0.521 -0.097 10.104 5
-0.569 -0.205 9.753 5
0.394 -0.189 10.125 5
-0.442 -0.094 9.778 5
0.487 -0.208 10.157 5
-0.693 -0.141 9.702 5
0.777 -0.126 10.507 5
-0.691 -0.21 9.491 5
0.502 -0.083 10.504 5
-0.706 -0.193 9.461 5
0.635 -0.15 10.337 5
-0.682 -0.061 9.619 5
0.44 -0.266 10.311 5
-0.705 -0.149 9.434 5
0.701 -0.216 10.354 5
-0.91 -0.167 9.887 5
0.653 -0.129 10.592 5
-0.695 -0.182 9.391 5
0.452 -0.175 10.443 6
-0.768 -0.122 9.342 5
0.623 -0.252 10.32 5
-0.639 0.048 9.474 5
0.453 -0.261 10.35 5
-0.789 -0.125 9.368 5
0.598 -0.191 10.631 5
0.389 -0.104 10.465 5
-0.501 -0.089 9.105 5
0.397 -0.198 10.326 5
-0.613 -0.055 8.993 5
0.347 -0.268 10.187 5
-0.357 -0.036 9.117 5
0.359 -0.087 10.197 5
-0.594 -0.079 8.913 5
0.32 -0.105 10.263 5
-0.401 -0.114 8.784 5
# end
#Thu Jan 22 16:38:34 SAST 2015